dataSet = N10_d30_
ins = 9
theta = 0.01987804135849249
totalTime = 26.719748973846436
t_RowGen = 2.1308484
n_RowGen = 22
t_ColGen = 2.2796324
n_ColGen = 17
x = [0.0, 0.0, 0.0, -0.0, -0.0, 0.0, 1.0, 0.0, -0.0, -0.0, 0.0, 0.0, 0.0, 0.0, 0.0, 0.0, -0.0, 0.0, 0.0, 0.0, 1.0, 0.0, -0.0, -0.0, 0.0, -0.0, 0.0]
x_i = [7, 21]
y = [0.638034, 0.260232, 0.101734]
lambda = [0.227403, 0.0223094, 0.750288]
M_pos = Array{Int64,1}[[2, 17], [17, 18, 21], [2, 25]]
P_pos = Array{Int64,1}[[2, 17], [2, 5, 16, 18, 23], [3, 5, 25]]
M_set = Array{Int64,1}[[4], [1], [2, 17], [17, 21, 27], [1, 27], [16, 18, 21, 23], [17, 18, 21], [25], [2, 25], [1, 21]]
P_set = Array{Int64,1}[[2, 17], [1, 7, 17, 26], [1, 7, 21, 23, 27], [1, 5, 7, 25], [2, 16, 21, 23], [2, 5, 16, 18, 23], [3, 5, 25], [1, 7, 16, 21, 23, 26]]
Node count = 1.0
MIPGAP_root = 3.665365844413049
