dataSet = N20_d20_
ins = 7
theta = 0.006895909154473134
totalTime = 105.44395518302917
t_RowGen = 81.3327821
n_RowGen = 26
t_ColGen = 2.1769408
n_ColGen = 19
x = [0.0, -0.0, -0.0, -0.0, -0.0, 0.0, -0.0, 0.0, -0.0, 0.0, -0.0, -0.0, -0.0, 0.0, 0.0, -0.0, 0.0, 0.0, -0.0, -0.0, -0.0, -0.0, 0.0, 0.0, 0.0, 0.0, 0.0, -0.0, -0.0, -0.0, -0.0, -0.0, -0.0, -0.0, 0.0, -0.0, -0.0, 0.0, -0.0, 0.0, 0.0, 0.0, 1.0, -0.0, -0.0, -0.0, 0.0, -0.0, 0.0, -0.0, -0.0, -0.0, 0.0, 0.0, 0.0, -0.0, 0.0, 0.0, -0.0, 1.0, -0.0, 0.0]
x_i = [43, 60]
y = [0.18741, 0.00476786, 0.807822]
lambda = [0.600303, 0.0629757, 0.336721]
M_pos = Array{Int64,1}[[58, 62], [12, 27, 58], [12, 27, 55]]
P_pos = Array{Int64,1}[[6, 12, 55, 58], [4, 17, 27, 39, 41, 47, 55], [4, 17, 28, 39, 41, 55, 62]]
M_set = Array{Int64,1}[[2], [6], [55, 60], [4, 32, 62], [27, 32, 62], [12, 32, 58], [12, 32, 55], [12, 27, 32, 62], [27, 32, 55], [58, 62], [12, 27, 58], [12, 27, 55]]
P_set = Array{Int64,1}[[6, 55, 60], [4, 44, 55, 60], [4, 32, 43, 55, 62], [6, 10, 27, 47, 55, 58], [3, 17, 27, 39, 47, 55], [6, 12, 55, 58], [4, 17, 27, 39, 41, 47, 55], [4, 17, 28, 39, 41, 55, 62], [5, 44, 55, 57, 60]]
Node count = 1.0
MIPGAP_root = 44.91895965752933
