dataSet = N20_d20_
ins = 4
theta = 0.12215904029999997
totalTime = 39.48619198799133
t_RowGen = 15.6493842
n_RowGen = 10
t_ColGen = 2.0809849
n_ColGen = 9
x = [-0.0, 0.0, -0.0, -0.0, 0.0, -0.0, -0.0, -0.0, -0.0, -0.0, 0.0, -0.0, 0.0, -0.0, 0.0, -0.0, 0.0, 0.0, 0.0, 0.0, -0.0, 0.0, -0.0, 0.0, -0.0, 0.0, -0.0, -0.0, -0.0, -0.0, 0.0, -0.0, 0.0, 0.0, 0.0, -0.0, 0.0, -0.0, 0.0, -0.0, 0.0, -0.0, 0.0, 0.0, 0.0, 0.0, 0.0, 0.0, -0.0, -0.0, 0.0, -0.0, 0.0, 0.0, -0.0, -0.0, -0.0, 0.0, 0.0, -0.0, -0.0, 0.0, -0.0, 0.0, 0.0, 0.0, -0.0, -0.0, 1.0, 0.0, 0.0, 0.0, -0.0, 0.0, 0.0, 0.0, 0.0, -0.0, 0.0, -0.0, -0.0]
x_i = [69]
y = [1.0]
lambda = [1.0]
M_pos = Array{Int64,1}[[59]]
P_pos = Array{Int64,1}[[2, 35, 43, 59]]
M_set = Array{Int64,1}[[1], [59], [69], [2], [2, 33]]
P_set = Array{Int64,1}[[3, 51], [2, 35, 43, 59], [2, 35, 44, 69], [1, 15, 33, 69, 75]]
Node count = 0.0
MIPGAP_root = 100.0
dataSet = N20_d20_
ins = 4
theta = 0.12215904029999997
totalTime = 34.42899990081787
t_RowGen = 15.897330396
n_RowGen = 10
t_ColGen = 1.609907901
n_ColGen = 9
x = [-0.0, 0.0, -0.0, -0.0, 0.0, -0.0, -0.0, -0.0, -0.0, -0.0, 0.0, -0.0, 0.0, -0.0, 0.0, -0.0, 0.0, 0.0, 0.0, 0.0, -0.0, 0.0, -0.0, 0.0, -0.0, 0.0, -0.0, -0.0, -0.0, -0.0, 0.0, -0.0, 0.0, 0.0, 0.0, -0.0, 0.0, -0.0, 0.0, -0.0, 0.0, -0.0, 0.0, 0.0, 0.0, 0.0, 0.0, 0.0, -0.0, -0.0, 0.0, -0.0, 0.0, 0.0, -0.0, -0.0, -0.0, 0.0, 0.0, -0.0, -0.0, 0.0, -0.0, 0.0, 0.0, 0.0, -0.0, -0.0, 1.0, 0.0, 0.0, 0.0, -0.0, 0.0, 0.0, 0.0, 0.0, -0.0, 0.0, -0.0, -0.0]
x_i = [69]
y = [1.0]
lambda = [1.0]
M_pos = Array{Int64,1}[[59]]
P_pos = Array{Int64,1}[[2, 35, 43, 59]]
M_set = Array{Int64,1}[[1], [59], [69], [2], [2, 33]]
P_set = Array{Int64,1}[[3, 51], [2, 35, 43, 59], [2, 35, 44, 69], [1, 15, 33, 69, 75]]
Node count = 0.0
MIPGAP_root = 100.0
dataSet = N20_d20_
ins = 4
theta = 0.12215904029999997
totalTime = 31.463000059127808
t_RowGen = 11.897497399
n_RowGen = 10
t_ColGen = 1.578874998
n_ColGen = 9
x = [-0.0, 0.0, -0.0, -0.0, 0.0, -0.0, -0.0, -0.0, -0.0, -0.0, 0.0, -0.0, 0.0, -0.0, 0.0, -0.0, 0.0, 0.0, 0.0, 0.0, -0.0, 0.0, -0.0, 0.0, -0.0, 0.0, -0.0, -0.0, -0.0, -0.0, 0.0, -0.0, 0.0, 0.0, 0.0, -0.0, 0.0, -0.0, 0.0, -0.0, 0.0, -0.0, 0.0, 0.0, 0.0, 0.0, 0.0, 0.0, -0.0, -0.0, 0.0, -0.0, 0.0, 0.0, -0.0, -0.0, -0.0, 0.0, 0.0, -0.0, -0.0, 0.0, -0.0, 0.0, 0.0, 0.0, -0.0, -0.0, 1.0, 0.0, 0.0, 0.0, -0.0, 0.0, 0.0, 0.0, 0.0, -0.0, 0.0, -0.0, -0.0]
x_i = [69]
y = [1.0]
lambda = [1.0]
M_pos = Array{Int64,1}[[59]]
P_pos = Array{Int64,1}[[2, 35, 43, 59]]
M_set = Array{Int64,1}[[1], [59], [69], [2], [2, 33]]
P_set = Array{Int64,1}[[3, 51], [2, 35, 43, 59], [2, 35, 44, 69], [1, 15, 33, 69, 75]]
Node count = 0.0
MIPGAP_root = 100.0
