dataSet = N20_d20_
ins = 3
theta = 0.01200744999999999
totalTime = 77.0406858921051
t_RowGen = 52.9826621
n_RowGen = 13
t_ColGen = 2.0089687
n_ColGen = 12
x = [0.0, 1.0, -0.0, 0.0, 0.0, -0.0, 0.0, -0.0, 0.0, 0.0, -0.0, 0.0, 0.0, -0.0, 1.0, 0.0, -0.0, 0.0, 0.0, 0.0, -0.0, 0.0, 0.0, 0.0, -0.0, -0.0, -0.0, -0.0, 0.0, 0.0, -0.0, 0.0, -0.0, 0.0, -0.0, 0.0, 0.0, 0.0, 0.0, 0.0, 0.0, 1.0, 0.0, 0.0, -0.0, -0.0, 0.0, 0.0, 0.0, 0.0, 0.0, -0.0, -0.0, 0.0, -0.0, 0.0, 0.0, -0.0, 0.0, 0.0, -0.0, -0.0, 0.0, 0.0, -0.0, -0.0, 0.0, 0.0, 0.0, 0.0]
x_i = [2, 15, 42]
y = [1.0]
lambda = [1.0]
M_pos = Array{Int64,1}[[43, 59]]
P_pos = Array{Int64,1}[[5, 59, 64]]
M_set = Array{Int64,1}[[2], [42], [43, 59], [42, 43], [39], [1], [39, 43], [1, 43], [18, 39], [51], [1, 18, 43], [6, 18, 43]]
P_set = Array{Int64,1}[[2, 19, 39], [4, 42, 59], [4, 43, 59, 64], [1, 6, 13, 15, 45, 51, 59, 64], [2, 6, 13, 18, 45, 51, 59, 64], [5, 59, 64]]
Node count = 0.0
MIPGAP_root = 100.0
