dataSet = N20_d10_
ins = 8
theta = 0.0003381814770400003
totalTime = 27.210957050323486
t_RowGen = 3.0299168
n_RowGen = 24
t_ColGen = 2.382297
n_ColGen = 21
x = [0.0, 1.0, 0.0, 0.0, -0.0, -0.0, -0.0, -0.0, -0.0, 0.0, -0.0, -0.0, -0.0, 0.0, -0.0, 0.0, -0.0, -0.0, -0.0, 0.0, 1.0, -0.0, -0.0, -0.0, 0.0, -0.0, -0.0, -0.0, -0.0, -0.0, -0.0, 0.0, 0.0, -0.0, -0.0, -0.0, 0.0, -0.0, -0.0, 0.0, -0.0, 0.0, -0.0, -0.0, 0.0, 0.0, -0.0, 0.0, 0.0, 0.0, 0.0]
x_i = [2, 21]
y = [1.0]
lambda = [1.0]
M_pos = Array{Int64,1}[[10, 16]]
P_pos = Array{Int64,1}[[1, 6, 10, 16, 22]]
M_set = Array{Int64,1}[[2], [6, 22, 37], [6, 38], [6, 37, 38], [2, 47], [6, 16], [2, 6], [1, 2, 6], [10, 16], [1, 33], [10, 33], [6, 33]]
P_set = Array{Int64,1}[[2, 39, 47], [2, 6, 22, 37], [2, 6, 31, 38], [1, 6, 9, 16, 21, 31], [2, 6, 39, 42], [1, 6, 10, 16, 22], [1, 9, 16, 21, 33, 41], [2, 33, 38, 41]]
Node count = 1.0
MIPGAP_root = 66.66666666666887
