dataSet = N30_d10_
ins = 1
theta = 0.0005762438417265392
totalTime = 26.840646028518677
t_RowGen = 9.5008343
n_RowGen = 24
t_ColGen = 1.5881376
n_ColGen = 22
x = [1.0, 0.0, 0.0, -0.0, 1.0, 0.0, 0.0, 0.0, 0.0, 0.0, -0.0, -0.0, 0.0, 0.0, 0.0, -0.0, 0.0, 0.0, -0.0, 0.0, 0.0, -0.0, -0.0, 0.0, -0.0, 0.0, -0.0, -0.0, 0.0, -0.0, 0.0, -0.0, 0.0, 0.0, 0.0, 0.0, 0.0, 0.0, 0.0, 0.0, 0.0, -0.0, 0.0, 0.0, 0.0, 0.0, 0.0, 0.0, 0.0, -0.0, 0.0, 0.0, 0.0, -0.0, -0.0, -0.0, 0.0, 0.0, 0.0, 0.0, 1.0, -0.0, -0.0, 0.0, 0.0, 0.0, -0.0, -0.0, 0.0, 0.0, 0.0, 0.0, -0.0, -0.0, 0.0, -0.0, -0.0, -0.0, 0.0, 0.0, -0.0, -0.0, 0.0, 0.0, 0.0, 0.0, -0.0]
x_i = [1, 5, 61]
y = [1.0]
lambda = [1.0]
M_pos = Array{Int64,1}[[6, 60]]
P_pos = Array{Int64,1}[[2, 3, 6, 14, 49, 60, 86]]
M_set = Array{Int64,1}[[1], [52], [39, 52], [5, 60], [5, 68], [36], [2, 39, 68], [1, 39], [1, 2], [2, 52], [2, 5, 41], [6, 60], [2, 21, 41, 44], [2, 21, 41, 60]]
P_set = Array{Int64,1}[[1, 29, 36, 52], [1, 11, 39, 49, 50, 72, 86], [1, 36, 53, 68], [2, 5, 6, 60], [2, 36, 41, 61], [2, 3, 6, 14, 49, 60, 86], [2, 21, 44, 61, 80]]
Node count = 1.0
MIPGAP_root = -2.634098504084368e-13
