dataSet = N30_d10_
Phase 8a
Started at = 11:33:43
ins = 6
theta = 0.0006173892545384205
totalTime = 52.241230964660645
t_RowGen = 11.155407078
n_RowGen = 8
t_ColGen = 3.337908564
n_ColGen = 7
x = [0.0, 1.0, 0.0, -0.0, 0.0, -0.0, -0.0, -0.0, 0.0, -0.0, 0.0, -0.0, -0.0, 0.0, -0.0, -0.0, -0.0, 0.0, -0.0, -0.0, 0.0, 0.0, -0.0, 0.0, 0.0, -0.0, -0.0, -0.0, -0.0, -0.0, 0.0, -0.0, -0.0, -0.0, 0.0, -0.0, -0.0, -0.0, 0.0, 0.0, 0.0, -0.0, -0.0, 0.0, 0.0, 0.0, -0.0, -0.0, 0.0, -0.0, 0.0, -0.0, -0.0, -0.0, -0.0, 0.0, 0.0, 0.0, 0.0, 0.0, 0.0, -0.0, 1.0, 0.0, -0.0, -0.0, -0.0, -0.0, 0.0, 0.0, 0.0, 0.0, -0.0, -0.0, 0.0, -0.0, -0.0, -0.0, 0.0, -0.0, 0.0, 0.0, 0.0]
x_i = [2, 63]
y = [0.0345814, 0.965419]
lambda = [0.0, 0.0]
M_pos = Array{Int64,1}[[52, 71, 78], [52, 62]]
P_pos = Array{Int64,1}[[1, 4, 11, 60, 63, 72, 78], [1, 47, 58, 63]]
M_set = Array{Int64,1}[[2], [11, 72, 78], [47], [63, 78], [1, 52], [11, 52, 63], [52, 63, 71], [39, 71, 78], [52, 71, 78], [52, 62]]
P_set = Array{Int64,1}[[2], [1, 4, 11, 60, 63, 72, 78], [1, 47, 58, 63], [1, 29, 36, 47, 52, 62], [1, 59, 63, 71, 78], [1, 39, 62, 71, 78]]
Node count = 0.0
MIPGAP_root = 100.0
