dataSet = N30_d10_
Phase 8a
Started at = 15:04:51
ins = 4
theta = 0.0021047707551780015
totalTime = 270.235276222229
t_RowGen = 229.058921479
n_RowGen = 9
t_ColGen = 3.429057808
n_ColGen = 9
x = [0.0, -0.0, 0.0, 0.0, 0.0, 1.0, -0.0, -0.0, 0.0, 0.0, -0.0, 0.0, 0.0, 0.0, -0.0, -0.0, -0.0, -0.0, -0.0, -0.0, 0.0, 0.0, 0.0, -0.0, 0.0, -0.0, 0.0, -0.0, -0.0, 0.0, 0.0, -0.0, 0.0, 0.0, -0.0, 0.0, -0.0, -0.0, 0.0, -0.0, 0.0, -0.0, -0.0, 0.0, 0.0, 0.0, 0.0, 0.0, 0.0, -0.0, 0.0, 0.0, 0.0, 0.0, 0.0, 0.0, 0.0, -0.0, -0.0, 0.0, 0.0, -0.0, -0.0, -0.0, -0.0, 0.0, 0.0, 0.0, -0.0, -0.0, -0.0, -0.0, -0.0, -0.0, 0.0, 0.0, -0.0, -0.0, 0.0, 0.0, 0.0, 0.0, 0.0, -0.0, 0.0, -0.0]
x_i = [6]
y = [1.0]
dataSet = N30_d10_
Phase 8a
Started at = 07:42:44
ins = 4
theta = 0.0021047707551780015
totalTime = 274.45662784576416
t_RowGen = 232.957459131
n_RowGen = 9
t_ColGen = 3.487711473
n_ColGen = 9
x = [0.0, -0.0, 0.0, 0.0, 0.0, 1.0, -0.0, -0.0, 0.0, 0.0, -0.0, 0.0, 0.0, 0.0, -0.0, -0.0, -0.0, -0.0, -0.0, -0.0, 0.0, 0.0, 0.0, -0.0, 0.0, -0.0, 0.0, -0.0, -0.0, 0.0, 0.0, -0.0, 0.0, 0.0, -0.0, 0.0, -0.0, -0.0, 0.0, -0.0, 0.0, -0.0, -0.0, 0.0, 0.0, 0.0, 0.0, 0.0, 0.0, -0.0, 0.0, 0.0, 0.0, 0.0, 0.0, 0.0, 0.0, -0.0, -0.0, 0.0, 0.0, -0.0, -0.0, -0.0, -0.0, 0.0, 0.0, 0.0, -0.0, -0.0, -0.0, -0.0, -0.0, -0.0, 0.0, 0.0, -0.0, -0.0, 0.0, 0.0, 0.0, 0.0, 0.0, -0.0, 0.0, -0.0]
x_i = [6]
y = [1.0]
lambda = [1.0]
M_pos = Array{Int64,1}[[48, 60, 63]]
P_pos = Array{Int64,1}[[1, 4, 34, 48, 63]]
M_set = Array{Int64,1}[[2], [48, 63], [1, 60], [48, 60, 63], [1, 68], [48, 63, 68], [4, 60, 63, 68], [33], [1, 60, 68], [3, 4, 60, 68]]
P_set = Array{Int64,1}[[1, 4, 34, 48, 63], [1, 4, 33, 34, 48, 60], [3, 4, 34, 48, 63, 66], [1, 6, 33, 68], [3, 6, 33, 66, 68]]
Node count = 0.0
MIPGAP_root = NaN
