dataSet = N30_d10_
Phase 8a
Started at = 14:04:58
ins = 49
theta = 0.027952063341697538
totalTime = 60.951786041259766
t_RowGen = 24.974065959
n_RowGen = 18
t_ColGen = 3.526727971
n_ColGen = 14
x = [0.0, 0.0, -0.0, 0.0, 0.0, 0.0, 0.0, -0.0, -0.0, 0.0, -0.0, -0.0, -0.0, -0.0, 0.0, 1.0, 0.0, -0.0, -0.0, 0.0, -0.0, 0.0, -0.0, -0.0, -0.0, 0.0, 0.0, 0.0, -0.0, -0.0, 0.0, 0.0, 0.0, 0.0, 0.0, 0.0, 0.0, -0.0, 0.0, -0.0, 0.0, 0.0, -0.0, 0.0, 0.0, 0.0, 0.0, -0.0, -0.0, -0.0, 0.0, -0.0, -0.0, 0.0, 0.0, 0.0, 0.0, -0.0, 0.0, -0.0, 0.0, -0.0, -0.0, 0.0, -0.0, -0.0, 0.0, 0.0, 0.0, 0.0, 0.0, 0.0, -0.0, 0.0, -0.0, -0.0, 0.0, 0.0, -0.0, 0.0, 0.0, 0.0, -0.0, -0.0, 0.0, -0.0, 0.0, -0.0, -0.0, 0.0, -0.0, -0.0]
x_i = [16]
y = [0.861406, 0.138594]
lambda = [0.818841, 0.181159]
M_pos = Array{Int64,1}[[3, 37], [37, 82]]
P_pos = Array{Int64,1}[[3, 37], [1, 6, 9, 37, 39, 70, 82]]
M_set = Array{Int64,1}[[3], [2, 16], [16, 37], [16, 37, 70], [3, 37], [37, 82]]
P_set = Array{Int64,1}[[3, 37], [2, 16, 31], [1, 9, 16, 31, 39, 84], [4, 20, 37, 70, 72, 79, 90], [1, 6, 9, 37, 39, 70, 82]]
Node count = 1.0
MIPGAP_root = 76.45555599701702
