dataSet = N30_d10_
Phase 8a
Started at = 14:06:12
ins = 79
theta = 0.08245203238377374
totalTime = 98.41407203674316
t_RowGen = 61.792797096
n_RowGen = 37
t_ColGen = 3.941788256
n_ColGen = 29
x = [0.0, 0.0, 0.0, 0.0, 0.0, -0.0, 0.0, -0.0, 0.0, 0.0, 0.0, 0.0, 0.0, 0.0, 0.0, 0.0, 0.0, 0.0, 0.0, 0.0, 0.0, 0.0, -0.0, 0.0, 0.0, -0.0, 0.0, -0.0, 0.0, 0.0, 0.0, 0.0, 0.0, 0.0, 1.0, 0.0, 0.0, -0.0, 0.0, 0.0, -0.0, 0.0, 0.0, -0.0, 0.0, 0.0, 1.0, 0.0, 0.0, 0.0, 0.0, 0.0, 0.0, 0.0, 0.0, 0.0, -0.0, 0.0, 0.0, 0.0, 0.0, 0.0, 0.0, 0.0, 0.0, 0.0, 0.0, 0.0, 0.0, 0.0, 0.0, 0.0, 0.0, 0.0, 0.0, 0.0, 0.0, 0.0, 0.0, 0.0, 0.0, 0.0, 0.0, -0.0, 0.0, 0.0, 0.0, 0.0, -0.0, 0.0, 0.0, 0.0, 0.0]
x_i = [35, 47]
y = [0.00149936, 0.998501]
lambda = [0.301783, 0.698217]
M_pos = Array{Int64,1}[[1, 15, 16, 47, 50], [60]]
P_pos = Array{Int64,1}[[1, 15, 16, 60], [1, 18, 50, 60, 64]]
M_set = Array{Int64,1}[[2], [1, 47, 49], [1, 10, 35, 50], [1, 10, 35, 47], [1, 15, 16], [1, 10, 15, 47, 50], [10, 47, 49, 50], [10, 16, 47, 49, 50], [1, 35, 47, 50], [18, 50], [18, 47], [1, 15, 16, 47, 50], [1, 16, 35, 50], [1, 10, 15, 16, 50], [60], [47, 49, 51], [15, 35, 47]]
P_set = Array{Int64,1}[[2, 47], [1, 18, 47, 49], [1, 10, 18, 35, 50, 61], [1, 15, 16, 60], [1, 18, 50, 60, 64], [1, 15, 16, 35, 59], [1, 18, 35, 50, 59, 64], [1, 15, 18, 35, 50, 51, 59, 63], [1, 15, 18, 50, 51, 60, 63]]
Node count = 1.0
MIPGAP_root = 31.7922352268879
