dataSet = N30_d10_
Phase 8a
Started at = 14:06:21
ins = 84
theta = 0.004410000000000004
totalTime = 61.10126996040344
t_RowGen = 24.803001039
n_RowGen = 35
t_ColGen = 3.995465129
n_ColGen = 27
x = [0.0, 0.0, 1.0, -0.0, -0.0, -0.0, -0.0, 0.0, 0.0, 0.0, -0.0, 1.0, -0.0, -0.0, 0.0, 0.0, 0.0, 0.0, -0.0, 0.0, -0.0, -0.0, 0.0, -0.0, 0.0, 0.0, 0.0, -0.0, -0.0, -0.0, -0.0, -0.0, -0.0, -0.0, -0.0, 0.0, -0.0, 0.0, -0.0, 0.0, -0.0, -0.0, 0.0, -0.0, 0.0, -0.0, 0.0, 0.0, -0.0, -0.0, 0.0, -0.0, 0.0, 0.0, 0.0, -0.0, 0.0, -0.0, -0.0, 0.0, -0.0, -0.0, 0.0, 0.0, -0.0, -0.0, 0.0, -0.0, 0.0, -0.0, 0.0, 0.0, -0.0, -0.0, 0.0, -0.0, -0.0, -0.0, -0.0, -0.0, -0.0, -0.0, 0.0, -0.0, 0.0]
x_i = [3, 12]
y = [1.0]
lambda = [1.0]
M_pos = Array{Int64,1}[[1, 38, 47]]
P_pos = Array{Int64,1}[[1, 38]]
M_set = Array{Int64,1}[[3], [3, 47, 83], [42, 56], [12, 38, 43], [12, 42, 47, 83], [12, 18, 38, 47, 83], [21, 38, 47], [21, 47, 83], [42, 78, 83], [38, 47, 78, 83], [38, 42, 78], [38, 42, 47, 83], [12, 38, 47, 78], [1, 38], [1, 38, 47], [12, 38, 78, 83], [12, 38, 47, 83, 85], [12, 38, 47, 72, 83]]
P_set = Array{Int64,1}[[1, 38], [3, 47, 52, 83], [2, 12, 32, 38, 42, 43, 56], [3, 12, 18, 32, 38, 43, 52, 78, 85], [3, 12, 18, 32, 47, 52, 78, 85], [2, 12, 32, 42, 47, 56], [3, 21, 47, 52, 67, 70, 78, 85], [3, 31, 47, 52, 67, 82], [3, 22, 47, 52, 72, 78, 85]]
Node count = 0.0
MIPGAP_root = 100.0
