dataSet = N30_d10_
Phase 8a
Started at = 14:04:48
ins = 24
theta = 0.019947383443202415
totalTime = 63.706088066101074
t_RowGen = 27.401381105
n_RowGen = 31
t_ColGen = 3.748669663
n_ColGen = 24
x = [0.0, 0.0, 0.0, 0.0, 0.0, -0.0, 0.0, 0.0, 0.0, 0.0, 0.0, 0.0, 0.0, -0.0, 0.0, 0.0, -0.0, 0.0, 0.0, 0.0, -0.0, 0.0, 0.0, 0.0, 0.0, 0.0, -0.0, 0.0, -0.0, -0.0, 0.0, -0.0, 0.0, 0.0, 0.0, 0.0, 0.0, 0.0, 0.0, -0.0, 0.0, 0.0, 0.0, 0.0, 0.0, 0.0, 0.0, 0.0, 0.0, 0.0, 0.0, 0.0, 0.0, 0.0, 0.0, 0.0, 0.0, 0.0, 0.0, 0.0, -0.0, 0.0, -0.0, 0.0, 0.0, 0.0, 0.0, -0.0, 0.0, 0.0, -0.0, -0.0, 0.0, 0.0, 0.0, -0.0, 0.0, 0.0, 1.0, -0.0, 0.0, -0.0, -0.0, 0.0, 0.0, 0.0, 0.0, 0.0, 1.0]
x_i = [79, 89]
y = [0.277478, 0.5789, 0.143622]
lambda = [0.115125, 0.524146, 0.360728]
M_pos = Array{Int64,1}[[4, 40], [2, 4, 89], [2, 40, 55]]
P_pos = Array{Int64,1}[[4], [2, 30, 55, 82], [1, 40, 55, 58, 71, 78]]
M_set = Array{Int64,1}[[5], [1], [4], [84, 87, 89], [2, 82], [2, 4, 84], [4, 40], [27, 71], [27, 87], [4, 89], [2, 40, 87], [40, 84, 87], [40, 87, 89], [2, 4, 89], [27, 40, 89], [2, 40, 55]]
P_set = Array{Int64,1}[[4], [1, 79], [3, 23, 33, 73, 84, 87, 89], [2, 30, 55, 82], [1, 40, 55, 58, 71, 78], [3, 23, 83, 87, 89], [3, 7, 23, 27, 55, 71, 83, 85, 89], [3, 7, 23, 27, 33, 55, 71, 73, 84, 85, 89]]
Node count = 1.0
MIPGAP_root = 69.1880994151212
dataSet = N30_d10_
Phase 8a
Started at = 00:39:28
ins = 24
theta = 0.019947383443202415
totalTime = 62.38264608383179
t_RowGen = 25.878912039
n_RowGen = 31
t_ColGen = 3.826896258
n_ColGen = 24
x = [0.0, 0.0, 0.0, 0.0, 0.0, -0.0, 0.0, 0.0, 0.0, 0.0, 0.0, 0.0, 0.0, -0.0, 0.0, 0.0, -0.0, 0.0, 0.0, 0.0, -0.0, 0.0, 0.0, 0.0, 0.0, 0.0, -0.0, 0.0, -0.0, -0.0, 0.0, -0.0, 0.0, 0.0, 0.0, 0.0, 0.0, 0.0, 0.0, -0.0, 0.0, 0.0, 0.0, 0.0, 0.0, 0.0, 0.0, 0.0, 0.0, 0.0, 0.0, 0.0, 0.0, 0.0, 0.0, 0.0, 0.0, 0.0, 0.0, 0.0, -0.0, 0.0, -0.0, 0.0, 0.0, 0.0, 0.0, -0.0, 0.0, 0.0, -0.0, -0.0, 0.0, 0.0, 0.0, -0.0, 0.0, 0.0, 1.0, -0.0, 0.0, -0.0, -0.0, 0.0, 0.0, 0.0, 0.0, 0.0, 1.0]
x_i = [79, 89]
y = [0.277478, 0.5789, 0.143622]
lambda = [0.115125, 0.524146, 0.360728]
M_pos = Array{Int64,1}[[4, 40], [2, 4, 89], [2, 40, 55]]
P_pos = Array{Int64,1}[[4], [2, 30, 55, 82], [1, 40, 55, 58, 71, 78]]
M_set = Array{Int64,1}[[5], [1], [4], [84, 87, 89], [2, 82], [2, 4, 84], [4, 40], [27, 71], [27, 87], [4, 89], [2, 40, 87], [40, 84, 87], [40, 87, 89], [2, 4, 89], [27, 40, 89], [2, 40, 55]]
P_set = Array{Int64,1}[[4], [1, 79], [3, 23, 33, 73, 84, 87, 89], [2, 30, 55, 82], [1, 40, 55, 58, 71, 78], [3, 23, 83, 87, 89], [3, 7, 23, 27, 55, 71, 83, 85, 89], [3, 7, 23, 27, 33, 55, 71, 73, 84, 85, 89]]
Node count = 1.0
MIPGAP_root = 69.1880994151212
