dataSet = N30_d10_
Phase 8a
Started at = 14:04:45
ins = 17
theta = 0.01390422544763062
totalTime = 1775.8566479682922
t_RowGen = 1739.285310896
n_RowGen = 35
t_ColGen = 4.054568748
n_ColGen = 29
x = [0.0, 0.0, 0.0, 0.0, 1.0, 0.0, 0.0, 0.0, 0.0, 0.0, 0.0, 1.0, 0.0, 0.0, 0.0, 0.0, 0.0, 0.0, 0.0, 0.0, 0.0, 0.0, 0.0, 0.0, 0.0, 0.0, 0.0, 0.0, 0.0, 0.0, 0.0, 0.0, 0.0, 0.0, 0.0, 0.0, 0.0, 0.0, 0.0, 0.0, 0.0, 0.0, 0.0, 0.0, 0.0, 0.0, 0.0, 0.0, 0.0, 0.0, 0.0, 0.0, 0.0, 0.0, 0.0, 0.0, 0.0, 0.0, 0.0, 0.0, 0.0, 0.0, 0.0, 0.0, 0.0, 0.0, 0.0, 0.0, 0.0, 0.0, 0.0, 0.0, 0.0, 0.0, 0.0, 0.0, 0.0, 0.0, 0.0, 0.0, 0.0, 0.0, 0.0, 0.0, 0.0, 0.0, 0.0, 0.0, 0.0, 0.0, 0.0, 0.0, 0.0, 0.0, 0.0, 0.0, 0.0, 0.0, 0.0, 0.0, 0.0]
x_i = [5, 12]
y = [0.905064, 0.0949359]
lambda = [0.0137324, 0.986268]
M_pos = Array{Int64,1}[[3, 4, 87], [2, 3, 45, 87]]
P_pos = Array{Int64,1}[[4, 33, 45, 59, 69], [3, 45, 66, 87]]
M_set = Array{Int64,1}[[1], [5], [4, 69], [4, 98], [4, 12], [3, 45, 87], [3, 4, 87], [3, 4, 12], [2, 3, 45, 87], [2, 3, 59, 87], [2, 3, 4, 45], [3, 4, 67, 87], [12, 67, 98], [4, 67, 98], [2, 3, 67, 87]]
P_set = Array{Int64,1}[[5, 45, 98], [4, 33, 45, 59, 69], [5, 12, 45, 56, 100], [3, 45, 66, 87], [2, 12, 45], [4, 45, 47, 67, 81], [4, 45, 51, 68, 81]]
Node count = 1.0
MIPGAP_root = 49.79199046430918
