dataSet = N30_d10_
Phase 8a
Started at = 14:04:52
ins = 27
theta = 0.0050108939425824875
totalTime = 627.6053328514099
t_RowGen = 590.990131926
n_RowGen = 42
t_ColGen = 3.97995256
n_ColGen = 32
x = [0.0, 1.0, 1.0, 0.0, 0.0, 0.0, 0.0, 0.0, 1.0, 0.0, 0.0, 0.0, 0.0, 0.0, 0.0, 0.0, 0.0, 0.0, 0.0, 0.0, 0.0, 0.0, 0.0, 0.0, 0.0, 0.0, 0.0, 0.0, 0.0, 0.0, 0.0, 0.0, 0.0, 0.0, 0.0, 0.0, 0.0, 0.0, 0.0, 0.0, 0.0, 0.0, 0.0, 0.0, 0.0, 0.0, 0.0, 0.0, 0.0, 0.0, 0.0, 0.0, 0.0, 0.0, 0.0, 0.0, 0.0, 0.0, 0.0, 0.0, 0.0, 0.0, 0.0, 0.0, 0.0, 0.0, 0.0, 0.0, 0.0, 0.0, 0.0, 0.0, 0.0, 0.0, 0.0, 0.0, 0.0, 0.0, 0.0, 0.0, 0.0, 0.0, 0.0, 0.0, 0.0, 0.0, 0.0, 0.0, 0.0, 0.0, 0.0, 0.0]
x_i = [2, 3, 9]
y = [0.97738, 0.0226201]
lambda = [0.835712, 0.164288]
M_pos = Array{Int64,1}[[80], [5, 50]]
P_pos = Array{Int64,1}[[3, 50, 89], [1, 9, 12, 61, 80]]
M_set = Array{Int64,1}[[2], [80], [2, 6], [12, 78], [6, 76], [5, 6, 39], [50], [3, 6, 39], [5, 50], [3, 6, 8], [5, 6, 8], [5, 6, 78], [3, 6, 78], [3, 76], [17, 39, 50], [34, 76]]
P_set = Array{Int64,1}[[3, 50, 89], [2, 9, 12, 65, 80], [2, 5, 6, 12, 36, 65], [2, 5, 9, 12, 36, 65, 78], [1, 5, 6, 12, 36, 61], [1, 9, 12, 61, 80], [2, 12, 32, 39, 68, 76, 80], [1, 8, 12, 24, 32, 56, 61, 76, 80], [1, 12, 32, 39, 64, 68, 76, 80], [1, 5, 9, 12, 36, 61, 78], [2, 12, 17, 26, 30, 34, 39, 68, 80]]
Node count = 1.0
MIPGAP_root = 75.00000000000055
