dataSet = N30_d10_
Phase 8a
Started at = 14:06:19
ins = 83
theta = 0.03686336014516039
totalTime = 265.1223998069763
t_RowGen = 228.449872436
n_RowGen = 41
t_ColGen = 3.957747855
n_ColGen = 30
x = [0.0, 0.0, 1.0, 0.0, 0.0, 0.0, 0.0, -0.0, 0.0, 0.0, 0.0, 0.0, 0.0, 0.0, 0.0, 0.0, 0.0, 0.0, 0.0, 0.0, 0.0, 0.0, 0.0, 0.0, 0.0, 0.0, 0.0, 0.0, 0.0, 0.0, 0.0, 0.0, 0.0, 0.0, 0.0, 0.0, 0.0, 0.0, 0.0, 0.0, 0.0, 0.0, 0.0, 0.0, 0.0, 0.0, 0.0, 0.0, -0.0, 0.0, 0.0, 0.0, -0.0, 0.0, -0.0, 0.0, 0.0, 0.0, 0.0, 0.0, 0.0, 0.0, 0.0, 0.0, -0.0, 0.0, 1.0, 0.0, 0.0, 0.0, 0.0, 0.0, 0.0, 0.0, 0.0, 0.0, 0.0, 0.0, 0.0, 0.0, 0.0, 0.0, 0.0, 0.0, 0.0, 0.0, 0.0, 0.0, 0.0, 0.0, 0.0, 0.0, -0.0, 0.0, 0.0]
x_i = [3, 67]
y = [0.201135, 0.49746, 0.203251, 0.0896132, 0.00854144]
lambda = [0.297245, 0.0769656, 0.153905, 0.370664, 0.10122]
M_pos = Array{Int64,1}[[7, 43, 66], [7, 8, 9, 66], [8, 9, 43], [8, 43, 66], [7, 17]]
P_pos = Array{Int64,1}[[1, 5, 9, 17, 40, 43], [1, 7, 40, 58], [1, 8, 15, 34, 66, 82], [1, 8, 17, 40, 47, 83], [1, 5, 11, 17, 40, 43, 87]]
M_set = Array{Int64,1}[[1], [2, 66, 67], [9, 43], [3], [2, 9, 67], [7, 43, 67], [8, 9, 66, 67], [2, 8, 43], [2, 7, 8, 9], [2, 7, 8, 67], [2, 9, 66], [7, 43, 66], [7, 11, 66, 67], [7, 9, 43], [7, 8, 9, 66], [8, 9, 43], [8, 17], [8, 43, 66], [7, 17]]
P_set = Array{Int64,1}[[3, 73], [2, 39, 58, 66, 67], [1, 5, 9, 17, 40, 43], [2, 40, 58, 67], [1, 5, 11, 40, 43, 58, 67, 90], [1, 7, 40, 58], [1, 8, 15, 34, 66, 82], [1, 5, 9, 17, 39, 43, 66], [1, 7, 39, 58, 66], [1, 5, 9, 17, 22, 29, 40, 44], [1, 8, 17, 40, 47, 83], [1, 5, 11, 17, 40, 43, 87]]
Node count = 1.0
MIPGAP_root = 33.44617669872507
