dataSet = N30_d10_
Phase 8a
Started at = 14:06:45
ins = 95
theta = 0.007823465467455288
totalTime = 200.05329394340515
t_RowGen = 163.292412752
n_RowGen = 46
t_ColGen = 4.232361932
n_ColGen = 38
x = [1.0, 0.0, 1.0, 0.0, -0.0, -0.0, -0.0, 0.0, 0.0, -0.0, 0.0, 0.0, 0.0, -0.0, -0.0, -0.0, -0.0, -0.0, 0.0, 0.0, 0.0, 0.0, 0.0, 0.0, 0.0, -0.0, 0.0, 0.0, 0.0, 0.0, 0.0, -0.0, -0.0, 0.0, 0.0, -0.0, 0.0, -0.0, 0.0, -0.0, 0.0, 0.0, -0.0, -0.0, -0.0, -0.0, 0.0, 0.0, -0.0, 0.0, 0.0, 0.0, -0.0, 0.0, -0.0, -0.0, -0.0, 0.0, 0.0, -0.0, -0.0, -0.0, -0.0, -0.0, 0.0, 0.0, -0.0, -0.0, -0.0, -0.0, -0.0, 0.0, 0.0, -0.0, 0.0, 0.0, 0.0, 0.0, -0.0, 0.0, -0.0, 0.0, -0.0, -0.0, -0.0, 0.0]
x_i = [1, 3]
y = [0.157014, 0.842986]
lambda = [0.771335, 0.228665]
M_pos = Array{Int64,1}[[4, 58], [4, 40, 51]]
P_pos = Array{Int64,1}[[4, 30, 39, 49, 58, 72], [4, 30, 39, 51, 72]]
M_set = Array{Int64,1}[[1], [67, 74], [1, 51, 67], [46, 65], [46, 49], [1, 46, 51, 79], [49, 51], [1, 51, 58], [46, 51, 67, 79], [1, 46, 67], [4, 67], [51, 64, 67], [46, 58, 64], [51, 58, 64], [4, 46, 51], [4, 58], [46, 51, 64, 79], [4, 46, 64], [46, 51, 58], [4, 46, 79], [4, 51, 64], [4, 40, 51]]
P_set = Array{Int64,1}[[1, 30, 39, 51], [3, 58, 67, 74], [3, 46, 58, 65, 79], [1, 30, 39, 49, 58], [4, 30, 39, 49, 58, 72], [4, 30, 39, 51, 72], [3, 30, 39, 51, 64], [3, 30, 39, 49, 58, 64], [2, 23, 29, 40, 58, 67, 74]]
Node count = 1.0
MIPGAP_root = 37.230800232620034
