dataSet = N30_d10_
Phase 8a
Started at = 14:05:04
ins = 60
theta = 0.002358283242263311
totalTime = 64.88532495498657
t_RowGen = 28.643936121
n_RowGen = 27
t_ColGen = 3.691340251
n_ColGen = 19
x = [0.0, 1.0, 0.0, 0.0, 0.0, 0.0, 0.0, 0.0, 0.0, 0.0, 0.0, 0.0, 0.0, 0.0, 0.0, -0.0, 0.0, 0.0, 0.0, 0.0, 0.0, 0.0, 0.0, 0.0, 0.0, 0.0, 0.0, 0.0, 0.0, 0.0, 0.0, 0.0, 0.0, 0.0, 0.0, 0.0, 0.0, 0.0, 0.0, 0.0, 0.0, 0.0, 0.0, 0.0, 0.0, 0.0, 0.0, 0.0, 0.0, 0.0, 0.0, 0.0, -0.0, 0.0, 0.0, 0.0, 0.0, 0.0, 0.0, 1.0, 0.0, 0.0, 0.0, 0.0, 0.0, 0.0, 0.0, 0.0, 0.0, 0.0, 0.0, 0.0, 0.0, 0.0, 0.0, 0.0, 0.0, 0.0, 0.0, 0.0, 0.0, 0.0, 0.0, 0.0, 0.0, 0.0, 0.0, 0.0, 0.0, 0.0, 0.0, 0.0]
x_i = [2, 60]
y = [0.964953, 0.0237712, 0.0112753]
lambda = [0.438364, 0.534618, 0.0270176]
M_pos = Array{Int64,1}[[1, 19, 43], [4, 19, 37, 43], [4, 37, 77]]
P_pos = Array{Int64,1}[[1, 4, 19, 37, 43, 47, 53, 76], [1, 19, 37, 43, 53, 77], [1, 9, 19, 37, 43, 48, 76]]
M_set = Array{Int64,1}[[2], [53], [1, 19], [1, 19, 43], [4, 19, 37, 43], [4, 37, 77], [43, 88], [9, 43], [16, 43, 73, 86], [9, 16]]
P_set = Array{Int64,1}[[2, 43, 53], [1, 19, 36, 60], [1, 4, 19, 37, 43, 47, 53, 76], [1, 10, 19, 36, 43, 45, 57], [1, 19, 37, 43, 53, 77], [1, 9, 19, 37, 43, 48, 76], [2, 9, 43, 48, 56, 88], [2, 9, 43, 56, 86], [2, 16, 56, 73, 89]]
Node count = 1.0
MIPGAP_root = 5.804311806297359
