dataSet = N30_d10_
Phase 8a
Started at = 14:04:40
ins = 4
theta = 0.0021047707551780006
totalTime = 402.94909286499023
t_RowGen = 366.398107949
n_RowGen = 23
t_ColGen = 3.670653831
n_ColGen = 19
x = [0.0, 0.0, -0.0, 0.0, 0.0, 1.0, 0.0, -0.0, 0.0, 0.0, -0.0, 0.0, 0.0, 0.0, -0.0, -0.0, -0.0, -0.0, 0.0, -0.0, 0.0, 0.0, 0.0, -0.0, 0.0, -0.0, 0.0, -0.0, -0.0, 0.0, 0.0, 0.0, 0.0, 0.0, -0.0, 0.0, -0.0, 0.0, 0.0, -0.0, 0.0, -0.0, 0.0, 0.0, 0.0, 0.0, 0.0, 0.0, 0.0, -0.0, 0.0, 0.0, 0.0, 0.0, 0.0, 0.0, 0.0, -0.0, 0.0, -0.0, 0.0, -0.0, 0.0, 0.0, -0.0, 0.0, 0.0, 0.0, -0.0, -0.0, 0.0, -0.0, -0.0, -0.0, 0.0, 0.0, -0.0, 0.0, 0.0, 0.0, 0.0, 0.0, 0.0, -0.0, 0.0, -0.0]
x_i = [6]
y = [0.975414, 0.0245858]
lambda = [1.0, 2.22045e-16]
M_pos = Array{Int64,1}[[48, 60, 63], [48, 63, 68]]
P_pos = Array{Int64,1}[[1, 4, 34, 48, 63], [1, 4, 33, 34, 48, 60]]
M_set = Array{Int64,1}[[2], [48, 63], [1, 60], [48, 60, 63], [48, 63, 68], [4, 60, 63, 68], [1, 60, 68], [66], [3, 4, 60, 68], [33]]
P_set = Array{Int64,1}[[1, 4, 34, 48, 63], [1, 4, 33, 34, 48, 60], [3, 4, 34, 48, 63, 66], [1, 6, 33, 68], [3, 6, 33, 66, 68]]
Node count = 1.0
MIPGAP_root = 63.97764866561234
