dataSet = N30_d10_
Phase 8a
Started at = 14:07:12
ins = 100
theta = 0.0014742581385185592
totalTime = 543.1665971279144
t_RowGen = 505.129549467
n_RowGen = 74
t_ColGen = 5.373651035
n_ColGen = 55
x = [0.0, 0.0, 0.0, -0.0, 0.0, 0.0, -0.0, 0.0, 0.0, 0.0, 0.0, 0.0, -0.0, 0.0, 0.0, 0.0, 0.0, -0.0, -0.0, 0.0, 0.0, -0.0, -0.0, -0.0, 0.0, -0.0, 0.0, 0.0, 0.0, 1.0, 0.0, 0.0, -0.0, 0.0, 0.0, 0.0, 0.0, 0.0, -0.0, 0.0, 0.0, -0.0, 0.0, 0.0, 0.0, -0.0, -0.0, 0.0, 0.0, -0.0, 0.0, 1.0, 0.0, 0.0, 0.0, 0.0, 0.0, 0.0, -0.0, -0.0, 0.0, 0.0, 0.0, -0.0, 0.0, 0.0, 0.0, -0.0, -0.0, 0.0, 0.0, 0.0, -0.0, 0.0, 0.0, -0.0, 0.0, 0.0, 0.0, 0.0, 0.0, 0.0, 0.0, 0.0, 0.0, 0.0, 0.0, 1.0, 0.0, 0.0, 0.0, 0.0, 0.0, 0.0, 0.0]
x_i = [30, 52, 88]
y = [0.764465, 0.131646, 0.0280243, 0.0256996, 0.0501653]
lambda = [0.0731539, 0.0898669, 0.225255, 0.0998137, 0.51191]
M_pos = Array{Int64,1}[[1, 31, 49, 81, 82], [1, 11, 12, 31, 49, 81], [1, 11, 12, 31, 49, 79, 88], [12, 31, 49, 82], [1, 12, 31, 49, 79, 81]]
P_pos = Array{Int64,1}[[1, 13, 20, 31, 49, 79, 81], [1, 29, 31, 46, 82], [1, 12, 31, 34, 46, 77, 81], [1, 11, 20, 31, 49, 80, 89], [1, 9, 20, 31, 49, 67, 79, 80]]
M_set = Array{Int64,1}[[4], [1, 13, 31, 49], [1, 30, 64, 79], [1, 30, 31, 64, 79], [1, 30, 49, 64], [1, 31, 49, 64, 79, 81], [1, 30, 31, 49, 79], [1, 31, 46, 82], [1, 31, 49, 79, 82], [1, 11, 31, 64, 82], [1, 31, 79, 81, 82], [1, 11, 31, 79, 81, 82], [1, 31, 39, 64, 81], [1, 31, 64, 79, 82], [1, 11, 31, 39, 64, 79], [1, 11, 31, 64, 79, 81], [1, 31, 49, 81, 82], [1, 11, 31, 39, 49, 79, 88], [1, 11, 12, 31, 49, 81], [1, 12, 31, 39, 49], [1, 11, 31, 39, 49, 81], [1, 2, 11, 31, 81, 88], [1, 11, 31, 49, 82, 88], [1, 11, 31, 81, 82, 88], [1, 11, 12, 31, 49, 79, 88], [1, 31, 39, 49, 81, 88], [1, 2, 31, 49, 81], [1, 11, 31, 49, 77, 81, 88], [12, 31, 81, 82], [12, 31, 49, 82], [1, 12, 31, 49, 79, 81], [1, 13, 31, 81], [31, 64, 81, 82], [1, 2, 11, 31, 79, 81], [11, 31, 49, 81, 82], [1, 12, 31, 49, 81, 88], [31, 49, 81, 82, 88], [1, 11, 12, 31, 82]]
P_set = Array{Int64,1}[[2, 87], [1, 13, 20, 31, 49, 79, 81], [1, 30, 52, 64, 79], [1, 20, 30, 49, 79], [1, 13, 31, 52, 64, 79, 81], [1, 29, 31, 46, 82], [1, 11, 31, 52, 64, 80, 89], [1, 9, 31, 39, 52, 64, 65, 80, 89], [1, 9, 31, 52, 64, 67, 79, 80], [1, 29, 31, 44, 64, 82], [1, 12, 31, 34, 46, 77, 81], [1, 11, 20, 31, 49, 80, 89], [1, 11, 20, 31, 80, 88], [1, 9, 20, 31, 39, 49, 65, 80, 89], [1, 9, 20, 31, 49, 67, 79, 80], [1, 9, 20, 31, 39, 65, 80, 88], [2, 20, 86, 88], [1, 12, 31, 34, 44, 64, 77, 81], [2, 20, 49, 86, 89], [2, 52, 64, 86, 89]]
Node count = 1.0
MIPGAP_root = 69.61973594676905
