dataSet = N30_d10_
Phase 8a
Started at = 14:07:03
ins = 98
theta = 0.006896697666124888
totalTime = 110.78490114212036
t_RowGen = 74.063578351
n_RowGen = 35
t_ColGen = 4.07174951
n_ColGen = 29
x = [0.0, 1.0, 0.0, 1.0, -0.0, -0.0, -0.0, -0.0, -0.0, 0.0, -0.0, -0.0, -0.0, 0.0, -0.0, -0.0, 0.0, -0.0, -0.0, -0.0, 0.0, -0.0, 0.0, -0.0, 0.0, -0.0, -0.0, 0.0, 0.0, -0.0, 0.0, 0.0, -0.0, -0.0, 0.0, 0.0, -0.0, -0.0, -0.0, 0.0, 0.0, -0.0, 0.0, 0.0, 0.0, 0.0, 0.0, -0.0, -0.0, -0.0, 0.0, 0.0, -0.0, 0.0, 0.0, -0.0, -0.0, 0.0, -0.0, 0.0, 0.0, 0.0, -0.0, 0.0, -0.0, -0.0, -0.0, -0.0, 0.0, 0.0, -0.0, 0.0, 0.0, -0.0, -0.0, -0.0, -0.0, -0.0, -0.0, 0.0, 0.0, 0.0, 0.0, 0.0, -0.0, -0.0, 0.0, 0.0, 0.0, 0.0, -0.0, -0.0, -0.0, -0.0, -0.0, -0.0, -0.0]
x_i = [2, 4]
y = [0.25529, 0.74471]
lambda = [0.398527, 0.601473]
M_pos = Array{Int64,1}[[3, 42], [3, 92]]
P_pos = Array{Int64,1}[[3, 40, 67, 92], [3, 39, 42, 55]]
M_set = Array{Int64,1}[[2], [4, 31], [4, 42], [40, 67], [2, 3], [3, 42], [3, 40, 84], [3, 4, 40, 84], [2, 4], [3, 92], [3, 31]]
P_set = Array{Int64,1}[[2, 10, 57], [4, 31, 47, 84], [2, 10, 42, 55], [3, 40, 67, 92], [2, 12, 31, 47, 84], [2, 11, 31, 47, 50, 58], [3, 39, 42, 55]]
Node count = 14.0
MIPGAP_root = 100.0
