dataSet = N30_d10_
Phase 8a
Started at = 14:05:00
ins = 55
theta = 0.021084179790468578
totalTime = 121.11132097244263
t_RowGen = 83.091152796
n_RowGen = 71
t_ColGen = 5.100875802
n_ColGen = 62
x = [0.0, 0.0, -0.0, 0.0, 0.0, 0.0, 0.0, 1.0, 1.0, 0.0, 0.0, 0.0, 0.0, 0.0, -0.0, 0.0, -0.0, 0.0, 0.0, 0.0, 0.0, 0.0, 0.0, -0.0, 0.0, -0.0, -0.0, -0.0, -0.0, -0.0, 0.0, -0.0, 0.0, 0.0, 0.0, -0.0, 0.0, 0.0, 0.0, 0.0, 0.0, 0.0, -0.0, -0.0, 0.0, 1.0, 0.0, 0.0, 0.0, 0.0, 0.0, 0.0, 0.0, 0.0, -0.0, -0.0, -0.0, -0.0, 0.0, -0.0, 0.0, -0.0, -0.0, 0.0, 0.0, 0.0, -0.0, -0.0, 0.0, -0.0, 0.0, 0.0, 0.0, 0.0, 0.0, 0.0, -0.0, -0.0, -0.0, 0.0, 0.0, -0.0, -0.0, 0.0, -0.0, 0.0, 0.0, 0.0]
x_i = [8, 9, 46]
y = [0.614056, 0.385944]
lambda = [0.41752, 0.58248]
M_pos = Array{Int64,1}[[2, 42], [2, 8, 57, 60]]
P_pos = Array{Int64,1}[[2, 11, 39, 42, 57], [2, 11, 39, 59, 60]]
M_set = Array{Int64,1}[[3], [2, 42], [6, 54], [16, 60], [2, 16, 55, 57], [2, 16, 54, 57], [2, 3, 30, 54, 55], [8, 16, 54, 55], [2, 8, 54, 55, 57], [2, 8, 16, 30], [81], [3, 39], [2, 3, 16, 54, 57], [2, 3, 51, 55, 57], [2, 3, 8, 16, 55], [2, 3, 16, 55, 57], [2, 3, 54, 55, 57], [2, 3, 8, 54, 57], [1, 2, 8], [1, 2, 60], [1, 2, 57], [2, 3, 16, 54, 55], [2, 8, 57, 60], [2, 51, 54, 60], [2, 3, 54, 55, 60], [2, 16, 55, 60], [2, 3, 16, 60], [2, 16, 54, 60], [3, 8, 30, 54, 55], [55, 81], [3, 8, 16, 54, 55], [1, 54, 55], [1, 16, 55], [16, 51, 54, 55], [6, 16, 55], [6, 51, 55], [6, 8, 55], [8, 16, 51, 55], [2, 51, 54, 57], [2, 16, 51, 57], [2, 8, 16, 57], [1, 2, 16]]
P_set = Array{Int64,1}[[1, 7, 39, 46], [2, 11, 39, 42, 57], [1, 6, 9, 39, 54, 79], [1, 9, 16, 39, 60, 80], [1, 6, 9, 39, 55, 65, 79], [1, 3, 9, 30, 39, 42, 79], [1, 8, 39, 42, 57], [1, 9, 39, 46, 51, 81], [1, 8, 39, 59, 60], [2, 11, 39, 59, 60]]
Node count = 1.0
MIPGAP_root = 90.90703628538841
