dataSet = N30_d10_
Phase 8a
Started at = 14:06:07
ins = 78
theta = 0.006240279107544042
totalTime = 74.12352108955383
t_RowGen = 38.506463992
n_RowGen = 16
t_ColGen = 3.457889627
n_ColGen = 13
x = [1.0, -0.0, 0.0, -0.0, -0.0, -0.0, 0.0, 0.0, -0.0, 0.0, 0.0, -0.0, 0.0, 0.0, 0.0, -0.0, -0.0, -0.0, 0.0, -0.0, -0.0, -0.0, 0.0, 0.0, -0.0, 0.0, 0.0, -0.0, -0.0, 0.0, 0.0, 0.0, 0.0, 0.0, -0.0, 0.0, -0.0, -0.0, 0.0, 0.0, 0.0, -0.0, 0.0, 0.0, -0.0, 0.0, 0.0, -0.0, 0.0, 0.0, -0.0, 0.0, 0.0, 0.0, 0.0, 0.0, 0.0, 0.0, 0.0, 0.0, -0.0, 0.0, 0.0, -0.0, -0.0, -0.0, -0.0, -0.0, 0.0, 0.0, 0.0, -0.0, 0.0, -0.0, 0.0, -0.0, -0.0, 0.0, 0.0, -0.0, -0.0, 0.0, 0.0, 0.0, 0.0, 0.0, -0.0, -0.0, -0.0, -0.0, 1.0, -0.0, 0.0, 0.0, -0.0, 0.0, -0.0, 0.0, -0.0, -0.0]
x_i = [1, 91]
y = [1.0]
lambda = [1.0]
M_pos = Array{Int64,1}[[26, 33, 93]]
P_pos = Array{Int64,1}[[2, 8, 15, 26, 33, 48, 93]]
M_set = Array{Int64,1}[[1], [8, 33], [49], [8, 33, 91], [26, 33, 93]]
P_set = Array{Int64,1}[[1, 20, 52], [1, 8, 15, 33], [2, 8, 15, 26, 33, 48, 93], [2, 26, 46, 49, 52, 91, 93]]
Node count = 1.0
MIPGAP_root = 49.601659563846006
