dataSet = N30_d10_
Phase 8a
Started at = 14:06:41
ins = 94
theta = 0.03518142535708891
totalTime = 86.18119788169861
t_RowGen = 49.996772495
n_RowGen = 22
t_ColGen = 3.69284835
n_ColGen = 16
x = [0.0, 0.0, 0.0, 0.0, 0.0, -0.0, 0.0, -0.0, 0.0, 0.0, 0.0, 0.0, 0.0, 0.0, 0.0, -0.0, 0.0, 0.0, 0.0, 0.0, 0.0, 0.0, 0.0, 0.0, 0.0, 0.0, 1.0, 0.0, 0.0, 0.0, 0.0, 0.0, 0.0, 0.0, 0.0, 0.0, 0.0, 0.0, 0.0, 0.0, 0.0, 0.0, 0.0, 0.0, 0.0, 0.0, 0.0, 0.0, 0.0, 0.0, 0.0, 0.0, 0.0, 0.0, 0.0, 0.0, 0.0, 0.0, 0.0, 0.0, 0.0, 0.0, 0.0, -0.0, 0.0, 0.0, 0.0, 0.0, 0.0, 0.0, 0.0, 0.0, 0.0, 0.0, 0.0, 0.0, 0.0, 0.0, 0.0, 0.0, 0.0, 0.0]
x_i = [27]
y = [0.536374, 0.463626]
lambda = [0.60189, 0.39811]
M_pos = Array{Int64,1}[[25, 66, 69], [26]]
P_pos = Array{Int64,1}[[1, 25, 26], [3, 8, 25, 44, 64]]
M_set = Array{Int64,1}[[4], [64], [25, 66, 69], [26], [27], [40, 64], [1]]
P_set = Array{Int64,1}[[1, 25, 26], [1, 8, 25, 27, 44, 64], [1, 8, 25, 27, 31, 66, 69], [1, 9, 27, 44, 49, 64], [1, 12, 25, 27, 40, 57, 65], [3, 8, 25, 44, 64], [1, 8, 25, 27, 39, 57, 65]]
Node count = 1.0
MIPGAP_root = 36.531238451419895
