dataSet = N30_d10_
Phase 8a
Started at = 14:04:57
ins = 47
theta = 0.002228053177129381
totalTime = 11121.404510974884
t_RowGen = 11083.85367348
n_RowGen = 71
t_ColGen = 4.899506191
n_ColGen = 51
x = [0.0, 1.0, 0.0, 0.0, 0.0, -0.0, 0.0, 0.0, 0.0, 1.0, 0.0, 0.0, -0.0, 0.0, 0.0, 0.0, 0.0, 0.0, 0.0, 0.0, 0.0, 0.0, 0.0, 0.0, -0.0, -0.0, 0.0, 0.0, -0.0, 0.0, 0.0, 0.0, 0.0, 0.0, -0.0, 0.0, 0.0, 0.0, 0.0, 0.0, 0.0, 0.0, 0.0, 0.0, 0.0, 0.0, -0.0, 0.0, 0.0, 0.0, 0.0, 0.0, 0.0, 0.0, -0.0, 0.0, 0.0, 0.0, 0.0, -0.0, 0.0, 0.0, 0.0, 0.0, -0.0, 0.0, 0.0, -0.0, 0.0, -0.0, -0.0, 0.0, 0.0, 0.0, -0.0, 0.0, 0.0, -0.0, -0.0, 0.0, 0.0, 0.0, 0.0, 0.0, 0.0, -0.0, 0.0, -0.0, 0.0, 0.0, 0.0, 0.0, -0.0, 0.0, 1.0, -0.0, 0.0, -0.0, 0.0]
x_i = [2, 10, 95]
y = [0.175921, 0.764092, 0.0190089, 0.0409787]
lambda = [0.00377408, 0.217848, 0.0262072, 0.752171]
M_pos = Array{Int64,1}[[4, 50, 53, 76], [4, 13, 19, 33, 50, 76], [19, 71, 76], [19, 50, 53, 76]]
P_pos = Array{Int64,1}[[1, 4, 13, 32, 76, 78, 93], [1, 3, 19, 50, 69, 71], [1, 3, 19, 53, 55, 69, 71], [1, 3, 22, 32, 51, 71, 76]]
M_set = Array{Int64,1}[[2], [4, 95], [4, 47], [4, 76, 78], [4, 13, 17, 95], [4, 13, 19, 69], [4, 69, 76], [4, 16, 17, 76], [4, 13, 19, 23], [4, 13, 16, 19, 76], [4, 13, 17, 19, 76], [4, 13, 16, 69], [4, 16, 19, 78], [4, 16, 95], [4, 16, 19, 69], [4, 16, 19, 24], [13, 47], [4, 13, 23, 33], [15, 76], [4, 13, 17, 19, 33, 76], [19, 47], [4, 17, 19, 50, 76], [69, 78], [4, 13, 19, 78], [13, 69, 76], [4, 50, 95], [4, 53, 95], [4, 50, 53, 76], [4, 13, 50, 95], [4, 13, 19, 33, 50, 76], [13, 17, 19, 50, 76], [4, 13, 17, 50, 76], [71, 76], [19, 71, 76], [19, 50, 53, 76]]
P_set = Array{Int64,1}[[1, 4, 95], [2, 10, 17, 47, 76], [2, 13, 20, 32, 76, 78], [2, 16, 28, 95], [2, 19, 69], [2, 10, 15, 23, 47, 76], [2, 15, 22, 24, 32, 51, 76], [1, 4, 10, 17, 47, 50, 76, 90], [2, 10, 20, 33, 47, 76, 79], [1, 4, 13, 32, 76, 78, 93], [1, 4, 22, 32, 51, 76, 90], [1, 3, 10, 17, 47, 50, 71, 76], [1, 3, 10, 15, 23, 47, 50, 71, 76], [1, 3, 10, 20, 33, 47, 50, 71, 76, 79], [1, 3, 10, 47, 53, 56, 71, 76], [1, 3, 10, 17, 47, 53, 55, 71, 76], [1, 3, 13, 32, 40, 73, 76, 98], [1, 3, 19, 50, 69, 71], [1, 4, 10, 33, 47, 76, 79, 93], [1, 3, 19, 53, 55, 69, 71], [1, 3, 22, 32, 51, 71, 76]]
Node count = 1.0
MIPGAP_root = 62.78755632393857
