dataSet = N30_d10_
Phase 8a
Started at = 14:04:55
ins = 42
theta = 0.016413571839732896
totalTime = 96.99723291397095
t_RowGen = 60.238720371
n_RowGen = 36
t_ColGen = 4.146957626
n_ColGen = 30
x = [0.0, -0.0, -0.0, 0.0, 0.0, -0.0, -0.0, 0.0, 0.0, 0.0, 0.0, 0.0, 0.0, 0.0, 0.0, 0.0, 0.0, -0.0, 0.0, -0.0, 0.0, -0.0, -0.0, -0.0, -0.0, 0.0, 0.0, -0.0, 0.0, 0.0, 0.0, 0.0, 0.0, 0.0, 0.0, -0.0, -0.0, -0.0, 0.0, 0.0, -0.0, -0.0, -0.0, -0.0, 0.0, -0.0, 0.0, -0.0, -0.0, 0.0, 0.0, -0.0, 0.0, -0.0, 0.0, 0.0, 0.0, 0.0, -0.0, 0.0, 0.0, 0.0, -0.0, 0.0, -0.0, -0.0, 0.0, 0.0, 0.0, 1.0, 0.0, 0.0, 0.0, 0.0, 0.0, 0.0, 0.0, 1.0, 0.0, 0.0, -0.0, 0.0, -0.0, 0.0, -0.0, 0.0, 0.0]
x_i = [70, 78]
y = [0.349456, 0.0468416, 0.390691, 0.213011]
lambda = [0.0258886, 0.749412, 0.0934799, 0.131219]
M_pos = Array{Int64,1}[[75], [30, 37, 44, 59], [30, 31, 37, 44, 58], [30, 37, 58, 59]]
P_pos = Array{Int64,1}[[1, 5, 22, 30, 39, 44, 75], [1, 8, 22, 30, 37, 75], [1, 30, 33, 59, 77, 85], [1, 3, 30, 35, 58, 65, 77]]
M_set = Array{Int64,1}[[2], [62, 78], [70, 77], [70, 78], [5, 39, 44], [44, 62, 78], [44, 62, 70, 77], [44, 70, 78], [62, 77, 78], [31, 35, 70, 77], [31, 35, 78], [31, 62, 78], [75], [30, 37, 62], [37, 62, 78], [35, 37, 44, 78], [31, 37, 62, 78], [37, 44, 62, 78], [30, 37, 44, 59], [30, 35, 37], [30, 31, 37, 44, 58], [30, 37, 58, 59]]
P_set = Array{Int64,1}[[1, 60, 70, 77], [1, 30, 62, 78], [1, 5, 22, 30, 39, 44, 75], [1, 30, 31, 35, 39, 45, 75], [1, 8, 22, 30, 37, 75], [1, 30, 33, 59, 77, 85], [1, 3, 30, 35, 58, 65, 77]]
Node count = 1.0
MIPGAP_root = 66.44467109516758
