dataSet = N30_d10_
Phase 8a
Started at = 14:04:43
ins = 12
theta = 0.03591053017876457
totalTime = 1125.7664189338684
t_RowGen = 1089.305283148
n_RowGen = 39
t_ColGen = 4.13106608
n_ColGen = 32
x = [0.0, 0.0, -0.0, -0.0, -0.0, -0.0, -0.0, 0.0, 0.0, 0.0, -0.0, 0.0, -0.0, 1.0, 0.0, -0.0, 0.0, 0.0, 0.0, -0.0, 0.0, 0.0, -0.0, -0.0, 0.0, -0.0, 0.0, 0.0, 0.0, 0.0, 0.0, 0.0, -0.0, 0.0, 0.0, 0.0, 0.0, 0.0, 0.0, -0.0, -0.0, 0.0, 0.0, 0.0, 0.0, 0.0, -0.0, 0.0, 0.0, -0.0, 1.0, 0.0, 0.0, 0.0, 0.0, -0.0, 0.0, 0.0, 0.0, 0.0, 0.0, 0.0, 0.0, 0.0, -0.0, -0.0, 0.0, 0.0, 0.0, 0.0, 0.0, -0.0, -0.0, -0.0, 0.0, 0.0, -0.0, 0.0, 0.0, -0.0, 0.0, 0.0, 0.0, 0.0, 0.0, 0.0, 0.0, 0.0, -0.0, 0.0, 0.0, 0.0, 0.0, -0.0, -0.0, 0.0]
x_i = [14, 51]
y = [0.10317, 0.89683]
lambda = [0.11184, 0.88816]
M_pos = Array{Int64,1}[[39, 51], [27, 36, 51]]
P_pos = Array{Int64,1}[[3, 27, 36], [1, 17, 24, 39, 51]]
M_set = Array{Int64,1}[[3], [85], [2, 59], [6, 27, 36, 59], [39, 51], [27, 36, 51], [27, 51, 59], [6, 27, 51], [6, 51, 59], [2, 51, 59], [27, 36, 56, 59], [27, 33, 59], [27, 39, 56], [6, 27, 36, 56], [6, 27, 56, 59]]
P_set = Array{Int64,1}[[6, 39, 83], [6, 39, 51, 85], [3, 27, 36], [2, 21, 39, 59], [1, 17, 24, 39, 51], [1, 14, 17, 25, 39, 56, 78], [3, 27, 33, 39], [3, 28, 39, 44, 59]]
Node count = 1.0
MIPGAP_root = 64.56983383996149
