dataSet = N30_d10_
Phase 8a
Started at = 14:05:04
ins = 62
theta = 0.01741186227853282
totalTime = 1353.8473172187805
t_RowGen = 1316.1454888
n_RowGen = 71
t_ColGen = 5.102308582
n_ColGen = 54
x = [-0.0, 0.0, 0.0, -0.0, 0.0, 0.0, 0.0, -0.0, 0.0, 0.0, 0.0, -0.0, -0.0, -0.0, -0.0, -0.0, 0.0, -0.0, 0.0, -0.0, -0.0, 0.0, 1.0, -0.0, -0.0, -0.0, -0.0, -0.0, 0.0, 0.0, 0.0, 0.0, -0.0, -0.0, 0.0, 0.0, -0.0, -0.0, 0.0, 1.0, 0.0, 0.0, 0.0, 0.0, 0.0, 0.0, -0.0, 0.0, 0.0, 0.0, 0.0, 0.0, -0.0, 0.0, 0.0, 0.0, 0.0, 0.0, 0.0, -0.0, 0.0, -0.0, 0.0, 0.0, 0.0, -0.0, -0.0, 1.0, 0.0, -0.0, 0.0, -0.0, 0.0, 0.0, 0.0, 0.0, 0.0, 0.0, 0.0, -0.0, -0.0, 0.0, -0.0, 0.0, -0.0, -0.0, 0.0, -0.0, 0.0, -0.0, -0.0, 0.0, -0.0, 0.0, -0.0, 0.0, 0.0]
x_i = [23, 40, 68]
y = [0.200287, 0.799713]
lambda = [0.178989, 0.821011]
M_pos = Array{Int64,1}[[3], [1, 29, 30, 95]]
P_pos = Array{Int64,1}[[1, 29, 30], [3, 49, 51]]
M_set = Array{Int64,1}[[1], [2], [56], [2, 4], [29, 30, 50], [29, 30, 56], [2, 29, 30], [52, 79], [2, 4, 29, 52], [81], [4, 7], [2, 5, 30], [5, 56], [37, 54, 68], [2, 4, 54], [2, 4, 53], [2, 4, 30], [7, 30, 54], [29, 30, 37, 53, 54], [23, 29, 63, 95], [7, 37, 63, 95], [29, 81, 95], [7, 30, 37], [2, 30, 53, 63, 95], [30, 81], [29, 30, 37, 53, 54, 63, 95], [37, 81], [53, 91, 95], [8, 30, 54], [8, 30, 53, 95], [2, 30, 53, 54, 95], [7, 29, 53, 54], [8, 29, 37, 53], [2, 30, 37, 53, 95], [7, 29, 37, 53], [30, 37, 42, 53, 54, 95], [3], [7, 53, 54, 95], [7, 30, 63, 95], [7, 30, 53, 95], [29, 30, 42, 53, 54, 63, 95], [1, 29, 30], [1, 29, 30, 95]]
P_set = Array{Int64,1}[[2, 40, 49], [4, 40, 49, 56], [1, 29, 30], [3, 29, 30, 50], [3, 40, 49, 52, 79, 82], [5, 40, 49, 79, 82], [7, 49, 68, 81], [1, 23, 30, 49, 68], [3, 37, 49, 54, 68, 89], [3, 49, 53, 68, 81, 84], [8, 37, 49, 68, 89], [6, 29, 45, 63, 80, 95], [6, 23, 45, 49, 63, 68, 80, 95], [2, 42, 49, 68, 81], [8, 49, 68, 91], [3, 49, 51], [4, 42, 49, 56, 68, 81], [3, 11, 40, 49, 53, 82, 83, 93]]
Node count = 10.0
MIPGAP_root = 100.0
