dataSet = N30_d10_
Phase 8a
Started at = 14:06:50
ins = 96
theta = 0.006257664000000004
totalTime = 61.12960410118103
t_RowGen = 24.625896516
n_RowGen = 23
t_ColGen = 3.674720153
n_ColGen = 19
x = [0.0, 0.0, 0.0, 0.0, 0.0, 0.0, 0.0, 0.0, 0.0, 0.0, 0.0, 0.0, 0.0, 0.0, 0.0, 0.0, 0.0, 0.0, 0.0, 0.0, 0.0, 0.0, 0.0, 0.0, 0.0, 0.0, 0.0, 0.0, 0.0, 0.0, 0.0, 0.0, 0.0, 0.0, 0.0, 0.0, 0.0, 0.0, 0.0, 1.0, 0.0, 0.0, 0.0, 0.0, 0.0, 0.0, 0.0, 0.0, 0.0, 0.0, 0.0, 0.0, 0.0, 0.0, 0.0, 0.0, 0.0, 0.0, 0.0, 0.0, 0.0, 0.0, 0.0, 0.0, 0.0, 0.0, 0.0, 0.0, 0.0, 0.0, 0.0, 0.0, 0.0, 0.0, 0.0, -0.0, 0.0, 0.0, 0.0]
x_i = [40]
y = [1.0]
lambda = [1.0]
M_pos = Array{Int64,1}[[28, 76]]
P_pos = Array{Int64,1}[[4, 28, 76]]
M_set = Array{Int64,1}[[2], [28, 76], [28, 40], [40, 57], [40, 63], [40, 77], [2, 40], [40, 58, 77], [40, 76], [28, 40, 77]]
P_set = Array{Int64,1}[[4, 40, 77], [4, 28, 76], [2, 25, 35, 40, 57], [2, 25, 40, 58, 62, 63], [4, 26, 40, 47, 62, 63, 76]]
Node count = 1.0
MIPGAP_root = 28.005328712365994
