dataSet = N30_d10_
Phase 8a
Started at = 14:07:12
ins = 99
theta = 0.0008900489049495086
totalTime = 169.15419101715088
t_RowGen = 132.56451416
n_RowGen = 33
t_ColGen = 3.839612859
n_ColGen = 23
x = [0.0, 1.0, 0.0, 0.0, 0.0, -0.0, -0.0, -0.0, 0.0, -0.0, 0.0, -0.0, 0.0, 0.0, 0.0, -0.0, 0.0, -0.0, -0.0, -0.0, 0.0, 0.0, 0.0, 0.0, -0.0, 0.0, 0.0, 0.0, -0.0, -0.0, 0.0, 0.0, 0.0, 0.0, -0.0, 0.0, 0.0, 0.0, -0.0, -0.0, 0.0, -0.0, 0.0, -0.0, 0.0, 0.0, 0.0, 0.0, 0.0, -0.0, 0.0, -0.0, 0.0, 0.0, 0.0, 0.0, 0.0, -0.0, -0.0, 0.0, -0.0, 0.0, 0.0, 0.0, 0.0, 0.0, 0.0, -0.0, 0.0, -0.0, 0.0, -0.0, -0.0, 1.0, -0.0, -0.0, 0.0, 0.0, -0.0, 0.0, 0.0, -0.0, -0.0, 0.0, -0.0, 0.0, 0.0, -0.0, -0.0, -0.0, -0.0, 0.0, -0.0, 0.0, -0.0, 1.0]
x_i = [2, 74, 96]
y = [0.187354, 0.172607, 0.640039]
lambda = [0.124172, 0.317858, 0.55797]
M_pos = Array{Int64,1}[[1, 9, 13, 64, 74], [1, 3], [1, 13, 28]]
P_pos = Array{Int64,1}[[1, 13], [1, 9, 41, 48], [3, 28, 64, 73]]
M_set = Array{Int64,1}[[1], [41], [2, 22], [41, 50], [66], [22, 66], [3, 13, 74], [1, 9, 13, 64, 74], [1, 3], [13, 41, 74], [1, 13, 28], [1, 13, 73]]
P_set = Array{Int64,1}[[2, 50, 61], [2, 41, 63, 87], [2, 16, 22, 37, 60], [2, 18, 45, 60, 65, 66], [1, 13], [3, 41, 64, 74, 87], [1, 9, 41, 48], [1, 11, 70], [1, 12, 41, 74, 87], [3, 28, 64, 73], [3, 27, 64, 73, 96]]
Node count = 1.0
MIPGAP_root = 50.000000000000085
