dataSet = N30_d10_
Phase 8a
Started at = 14:04:42
ins = 10
theta = 0.009089999999999996
totalTime = 67.58943796157837
t_RowGen = 31.426908265
n_RowGen = 22
t_ColGen = 3.643260755
n_ColGen = 18
x = [0.0, 0.0, 0.0, 0.0, -0.0, 0.0, 0.0, 0.0, 0.0, 0.0, -0.0, -0.0, -0.0, -0.0, 0.0, 0.0, -0.0, 0.0, 0.0, -0.0, -0.0, 0.0, 0.0, -0.0, -0.0, 0.0, -0.0, 0.0, 0.0, -0.0, 0.0, -0.0, -0.0, 0.0, 0.0, -0.0, 0.0, -0.0, -0.0, 0.0, -0.0, 0.0, -0.0, 0.0, -0.0, 0.0, 1.0, -0.0, 0.0, -0.0, -0.0, 0.0, -0.0, 0.0, -0.0, -0.0, -0.0, 0.0, -0.0, -0.0, 0.0, 0.0, 0.0, 0.0, 0.0, -0.0, -0.0, -0.0, -0.0, 0.0, -0.0, -0.0, 0.0, -0.0, 0.0, -0.0, 0.0, 0.0, 0.0, -0.0, -0.0, 0.0, 0.0, -0.0, -0.0, 0.0, -0.0, -0.0, -0.0, -0.0, 0.0]
x_i = [47]
y = [0.477268, 0.516784, 0.00594757]
lambda = [1.0]
M_pos = Array{Int64,1}[[1, 8, 57], [1, 5, 8, 65, 77], [1, 8, 37, 83]]
P_pos = Array{Int64,1}[[1, 8]]
M_set = Array{Int64,1}[[5], [1, 47], [57, 77], [1, 57, 77], [1, 5, 57], [1, 8], [1, 8, 57], [1, 8, 31, 65], [1, 31, 65, 77], [1, 5, 8, 65, 77], [1, 7, 20, 37], [1, 8, 37, 83]]
P_set = Array{Int64,1}[[1, 5, 47], [2, 15, 24, 57, 77, 85], [1, 8], [1, 5, 31, 46, 65], [1, 7, 15, 20, 37, 83, 91]]
Node count = 0.0
MIPGAP_root = 100.0
dataSet = N30_d10_
Phase 8a
Started at = 14:35:16
ins = 10
theta = 0.009089999999999996
totalTime = 65.681715965271
t_RowGen = 29.386629549
n_RowGen = 22
t_ColGen = 3.796610632
n_ColGen = 18
x = [0.0, 0.0, 0.0, 0.0, -0.0, 0.0, 0.0, 0.0, 0.0, 0.0, -0.0, -0.0, -0.0, -0.0, 0.0, 0.0, -0.0, 0.0, 0.0, -0.0, -0.0, 0.0, 0.0, -0.0, -0.0, 0.0, -0.0, 0.0, 0.0, -0.0, 0.0, -0.0, -0.0, 0.0, 0.0, -0.0, 0.0, -0.0, -0.0, 0.0, -0.0, 0.0, -0.0, 0.0, -0.0, 0.0, 1.0, -0.0, 0.0, -0.0, -0.0, 0.0, -0.0, 0.0, -0.0, -0.0, -0.0, 0.0, -0.0, -0.0, 0.0, 0.0, 0.0, 0.0, 0.0, -0.0, -0.0, -0.0, -0.0, 0.0, -0.0, -0.0, 0.0, -0.0, 0.0, -0.0, 0.0, 0.0, 0.0, -0.0, -0.0, 0.0, 0.0, -0.0, -0.0, 0.0, -0.0, -0.0, -0.0, -0.0, 0.0]
x_i = [47]
y = [0.477268, 0.516784, 0.00594757]
lambda = [1.0]
M_pos = Array{Int64,1}[[1, 8, 57], [1, 5, 8, 65, 77], [1, 8, 37, 83]]
P_pos = Array{Int64,1}[[1, 8]]
M_set = Array{Int64,1}[[5], [1, 47], [57, 77], [1, 57, 77], [1, 5, 57], [1, 8], [1, 8, 57], [1, 8, 31, 65], [1, 31, 65, 77], [1, 5, 8, 65, 77], [1, 7, 20, 37], [1, 8, 37, 83]]
P_set = Array{Int64,1}[[1, 5, 47], [2, 15, 24, 57, 77, 85], [1, 8], [1, 5, 31, 46, 65], [1, 7, 15, 20, 37, 83, 91]]
Node count = 0.0
MIPGAP_root = 100.0
