dataSet = N30_d10_
Phase 8a
Started at = 14:06:30
ins = 88
theta = 0.007626585428911982
totalTime = 72.92267513275146
t_RowGen = 36.393621793
n_RowGen = 40
t_ColGen = 3.849573158
n_ColGen = 29
x = [0.0, 0.0, 0.0, 0.0, 0.0, 0.0, 0.0, 0.0, 0.0, 0.0, 0.0, 0.0, 0.0, -0.0, 0.0, 0.0, 0.0, 0.0, 0.0, 0.0, 0.0, 0.0, 0.0, -0.0, 0.0, 0.0, 1.0, 0.0, 0.0, 0.0, 0.0, 0.0, 0.0, 0.0, 0.0, 0.0, 0.0, 0.0, 0.0, 0.0, 0.0, 0.0, 0.0, 0.0, 0.0, 0.0, 0.0, 0.0, 0.0, 0.0, -0.0, 0.0, 0.0, 0.0, 0.0, 0.0, 0.0, 1.0, 0.0, 0.0, 0.0, 0.0, 0.0, 0.0, 0.0, 0.0, 0.0, 0.0, 0.0, 0.0, 0.0, 0.0, 0.0, 0.0, 0.0, 0.0, 0.0, 0.0, 0.0, 1.0, 0.0, 0.0, 0.0, 0.0, 0.0]
x_i = [27, 58, 80]
y = [0.165923, 0.0691367, 0.718723, 0.0462174]
lambda = [0.0752055, 0.0325105, 0.265138, 0.627146]
M_pos = Array{Int64,1}[[3, 31, 51], [51, 67], [14, 31, 67], [2, 3, 67]]
P_pos = Array{Int64,1}[[2, 14, 54], [1, 14, 29, 34], [3, 67], [1, 19, 28, 51, 67]]
M_set = Array{Int64,1}[[5], [27], [2, 58], [22], [2, 22], [22, 57], [1], [27, 57], [2, 14, 34], [3, 67], [3, 14, 31, 60], [14, 67], [3, 31, 51], [51, 67], [14, 31, 67], [2, 3, 67]]
P_set = Array{Int64,1}[[2, 58], [1, 9, 27, 58], [1, 22, 28, 80], [1, 9, 27, 57, 80], [1, 9, 14, 27, 54], [1, 33, 80], [2, 14, 54], [1, 14, 29, 34], [1, 7, 24, 27, 41, 53], [3, 67], [1, 31, 38, 60, 67, 70, 81], [1, 19, 28, 51, 67]]
Node count = 1.0
MIPGAP_root = 54.681947186035416
