dataSet = N30_d10_
Phase 8a
Started at = 14:05:57
ins = 69
theta = 0.003529919213568004
totalTime = 118.52587985992432
t_RowGen = 82.56605913
n_RowGen = 30
t_ColGen = 3.74013109
n_ColGen = 21
x = [0.0, 1.0, 0.0, 1.0, 0.0, -0.0, -0.0, -0.0, 0.0, 0.0, -0.0, -0.0, -0.0, -0.0, 0.0, -0.0, 0.0, -0.0, -0.0, -0.0, -0.0, 0.0, 0.0, -0.0, -0.0, -0.0, 0.0, 0.0, -0.0, -0.0, -0.0, -0.0, 0.0, 0.0, -0.0, 0.0, 0.0, 0.0, 0.0, 0.0, -0.0, 0.0, 0.0, 0.0, -0.0, -0.0, 0.0, -0.0, -0.0, -0.0, 0.0, 0.0, -0.0, 0.0, -0.0, -0.0, -0.0, -0.0, -0.0, 0.0, -0.0, -0.0, 0.0, 0.0, -0.0, 0.0, 0.0, -0.0, 0.0, 0.0, 0.0, -0.0, 0.0, 0.0, -0.0, -0.0, 0.0, -0.0, 0.0, -0.0, 0.0, -0.0, -0.0, 0.0, -0.0, 0.0, 0.0, 0.0, -0.0, 0.0, 0.0, -0.0, 0.0, -0.0, 0.0]
x_i = [2, 4]
y = [1.0]
lambda = [1.0]
M_pos = Array{Int64,1}[[3]]
P_pos = Array{Int64,1}[[1, 3, 10, 39, 40, 63]]
M_set = Array{Int64,1}[[2], [3], [2, 10, 63], [2, 9, 63, 87], [2, 9, 10, 63], [2, 9, 40, 63], [10, 91], [2, 9, 63, 91], [9, 40, 54, 63], [9, 40, 63, 76], [9, 10, 63, 90]]
P_set = Array{Int64,1}[[2, 10, 40, 63], [1, 3, 10, 39, 40, 63], [1, 3, 7, 9, 39, 40, 63, 87], [2, 7, 9, 40, 63, 87], [1, 3, 9, 39, 40, 63, 91], [2, 9, 40, 63, 86, 90], [1, 3, 9, 39, 40, 63, 86, 90], [1, 4, 10, 39, 40, 56, 63, 81], [1, 4, 10, 20, 29, 54, 81], [1, 4, 10, 23, 76]]
Node count = 1.0
MIPGAP_root = 0.0
