dataSet = N30_d10_
Phase 8a
Started at = 14:04:56
ins = 46
theta = 0.0006214083102021599
totalTime = 104.73385691642761
t_RowGen = 68.417154524
n_RowGen = 45
t_ColGen = 3.950127194
n_ColGen = 34
x = [0.0, 0.0, -0.0, 0.0, -0.0, -0.0, 0.0, 0.0, 0.0, -0.0, -0.0, 0.0, 0.0, -0.0, 0.0, -0.0, 0.0, -0.0, -0.0, 0.0, 0.0, -0.0, 1.0, 0.0, -0.0, 0.0, 1.0, -0.0, -0.0, 0.0, -0.0, 0.0, 0.0, -0.0, 0.0, 0.0, 0.0, -0.0, -0.0, 0.0, 0.0, -0.0, -0.0, 0.0, 0.0, 0.0, 0.0, 0.0, 0.0, -0.0, 0.0, 0.0, 0.0, -0.0, -0.0, 0.0, 0.0, 0.0, 0.0, 0.0, 0.0, -0.0, -0.0, -0.0, -0.0, -0.0, -0.0, -0.0, 0.0, 0.0, 0.0, 0.0, -0.0, 0.0, 0.0, 0.0, 0.0, -0.0, -0.0, -0.0, 0.0, 0.0, 0.0, 0.0, -0.0, -0.0, 0.0, -0.0, 0.0, -0.0]
x_i = [23, 27]
y = [0.110692, 0.543742, 0.345567]
lambda = [0.850557, 0.0560973, 0.0933455]
M_pos = Array{Int64,1}[[24, 51, 90], [1, 24, 84, 90], [1, 8, 24, 90]]
P_pos = Array{Int64,1}[[1, 24, 26, 51, 67, 90], [1, 20, 22, 26, 67, 84, 90], [1, 8, 21, 26, 35, 51, 67, 90]]
M_set = Array{Int64,1}[[3], [24, 51], [1, 20, 84], [1, 20, 24], [1, 51, 84], [24, 51, 84], [1, 23, 24], [1, 8, 24, 35], [1, 8, 24, 84], [1, 24, 35, 84], [1, 7, 24], [8, 24, 51], [67, 90], [24, 51, 90], [1, 24, 84, 90], [1, 8, 24, 90], [1, 7, 20], [1, 36, 78], [1, 20, 23, 78], [1, 20, 78, 84]]
P_set = Array{Int64,1}[[1, 24, 27, 51], [1, 20, 22, 27, 84], [1, 23, 27, 35, 44, 51], [1, 7, 12, 21, 27, 32], [1, 8, 21, 27, 35, 51], [1, 24, 26, 51, 67, 90], [1, 20, 22, 26, 67, 84, 90], [1, 7, 12, 21, 26, 32, 67, 90], [1, 23, 26, 35, 44, 51, 67, 90], [1, 8, 21, 26, 35, 51, 67, 90], [1, 24, 27, 32, 42, 52, 57], [1, 23, 27, 32, 36, 44, 78]]
Node count = 1.0
MIPGAP_root = 0.0
