dataSet = N30_d10_
Phase 8a
Started at = 14:04:41
ins = 7
theta = 0.03340510785593514
totalTime = 1254.1140780448914
t_RowGen = 1216.729643201
n_RowGen = 62
t_ColGen = 4.892952556
n_ColGen = 46
x = [0.0, 0.0, 0.0, 0.0, 0.0, 0.0, 0.0, 0.0, 0.0, 0.0, 0.0, 0.0, 0.0, 0.0, 0.0, 1.0, 0.0, 0.0, 0.0, 0.0, 0.0, 0.0, 0.0, 0.0, 0.0, 0.0, 0.0, 0.0, 0.0, 0.0, 0.0, 0.0, 0.0, 0.0, 0.0, 0.0, 0.0, 0.0, 0.0, 0.0, 0.0, 0.0, 0.0, 0.0, 0.0, 0.0, 0.0, 0.0, 0.0, 0.0, 0.0, 0.0, 0.0, 0.0, 0.0, 0.0, 0.0, 0.0, 0.0, 0.0, 0.0, 0.0, 0.0, 0.0, 0.0, 0.0, 0.0, 0.0, 0.0, 0.0, 0.0, 0.0, 0.0, 0.0, 0.0, 0.0, 0.0, 0.0, 0.0, 0.0, 0.0, 0.0, 0.0, 0.0, 0.0, 0.0, 0.0, 0.0, 0.0, 0.0, 0.0, 0.0, 0.0, 0.0, 1.0, 0.0]
x_i = [16, 95]
y = [0.364513, 0.544568, 0.0909191]
lambda = [0.0754434, 0.428764, 0.495792]
M_pos = Array{Int64,1}[[3, 17, 22], [17, 21, 22], [3, 17, 21, 68, 82, 90]]
P_pos = Array{Int64,1}[[1, 17, 21, 79, 82, 84], [1, 17, 20, 79, 82, 84, 90], [1, 3, 15, 22, 24, 53, 56, 68]]
M_set = Array{Int64,1}[[1], [30, 68], [17, 21, 68, 82], [17, 21, 57, 95], [17, 21, 57, 68, 95], [21, 30, 68], [28, 68, 95], [17, 30, 68], [21, 28, 68, 95], [17, 21, 45, 68, 95], [49, 57, 68, 95], [20, 69], [45, 66, 69], [17, 21, 45, 69, 95], [17, 21, 45, 66], [21, 66, 69], [17, 57, 69, 95], [20, 21, 57], [17, 21, 30, 45], [21, 45, 57, 66], [17, 45, 66, 90], [17, 45, 57, 66], [17, 66, 69], [17, 21, 45, 57, 95], [45, 57, 69, 95], [21, 45, 66, 90], [53, 68], [3, 17, 21, 53, 68], [22, 68], [3, 17, 22], [17, 21, 22], [3, 17, 21, 68, 82, 90]]
P_set = Array{Int64,1}[[1, 16, 53, 68], [2, 24, 30, 53, 56, 68, 95], [1, 17, 21, 79, 82, 84], [2, 30, 53, 57, 64, 95], [1, 17, 20, 79, 82, 84, 90], [2, 28, 36, 53, 68, 95], [2, 21, 29, 45, 79, 84, 95], [2, 28, 35, 49, 53, 68, 95], [2, 30, 57, 66, 95], [2, 20, 24, 30, 56, 69, 79, 84, 90, 95], [2, 20, 28, 36, 69, 79, 84, 90, 95], [2, 20, 29, 45, 79, 84, 90, 95], [2, 30, 59, 66, 94, 95], [2, 21, 24, 30, 56, 69, 79, 84, 95], [1, 3, 15, 22, 53, 57, 64], [1, 3, 15, 22, 57, 66], [1, 3, 15, 22, 24, 53, 56, 68]]
Node count = 1.0
MIPGAP_root = 64.59609015662512
