dataSet = N30_d10_
Phase 8a
Started at = 14:05:03
ins = 58
theta = 0.05340467123224415
totalTime = 121.03264689445496
t_RowGen = 84.38395479
n_RowGen = 29
t_ColGen = 3.939503412
n_ColGen = 24
x = [0.0, 0.0, 0.0, 0.0, 0.0, 0.0, 0.0, 0.0, 0.0, 0.0, 0.0, 0.0, 0.0, -0.0, 1.0, 0.0, 0.0, 0.0, -0.0, 0.0, 0.0, -0.0, 0.0, 0.0, 0.0, -0.0, 0.0, 0.0, 0.0, -0.0, -0.0, 0.0, 0.0, 0.0, 0.0, 0.0, 0.0, 0.0, 0.0, 0.0, -0.0, 0.0, 0.0, 0.0, 0.0, 0.0, 0.0, 0.0, 0.0, 0.0, 0.0, 0.0, 0.0, 0.0, 0.0, 0.0, 0.0, 0.0, 0.0, 0.0, 0.0, 0.0, 0.0, -0.0, -0.0, 0.0, 0.0, 0.0, -0.0, -0.0, 0.0, 0.0, 0.0, 0.0, 0.0, 0.0, 0.0, 0.0, 0.0, 0.0, 0.0, 0.0, 0.0, 0.0, 0.0, 0.0, 0.0, 0.0, 0.0, 0.0, 0.0, 0.0, 0.0, 0.0]
x_i = [15]
y = [0.0438685, 0.153212, 0.367674, 0.269647, 0.165599]
lambda = [0.416194, 0.325334, 0.213222, 0.0375444, 0.00770578]
M_pos = Array{Int64,1}[[6, 66], [2, 66], [35, 93], [25, 66, 75], [2, 75]]
P_pos = Array{Int64,1}[[2, 48, 93], [1, 6, 7, 54, 75], [2, 36, 48, 66, 84, 92], [2, 12, 25, 34, 91, 92], [2, 16, 35, 48, 92]]
M_set = Array{Int64,1}[[4], [35, 45, 92], [93], [6, 75], [6, 66], [45, 75, 92], [2, 66], [2, 35, 45], [35, 93], [45, 66, 75], [2, 92], [2, 25, 45], [25, 66, 75], [2, 75], [1, 35, 45]]
P_set = Array{Int64,1}[[2, 48, 93], [2, 15, 35, 45, 92], [1, 6, 7, 54, 75], [2, 36, 48, 66, 84, 92], [2, 12, 25, 34, 91, 92], [2, 16, 35, 48, 92]]
Node count = 1.0
MIPGAP_root = 35.39850939894384
