dataSet = N30_d10_
Phase 8a
Started at = 14:05:55
ins = 66
theta = 0.043195160794102384
totalTime = 67.12938690185547
t_RowGen = 29.923207965
n_RowGen = 50
t_ColGen = 4.369909074
n_ColGen = 36
x = [0.0, 1.0, 0.0, 0.0, 0.0, 0.0, 0.0, 0.0, 0.0, 0.0, 0.0, 0.0, 0.0, 0.0, -0.0, -0.0, 0.0, 0.0, -0.0, 0.0, -0.0, 0.0, 0.0, 0.0, 0.0, -0.0, 0.0, 0.0, 0.0, 0.0, 0.0, 0.0, -0.0, 0.0, -0.0, 0.0, -0.0, 0.0, 0.0, 0.0, 0.0, 0.0, 0.0, 0.0, 0.0, 0.0, 0.0, -0.0, 0.0, 0.0, 0.0, -0.0, -0.0, -0.0, -0.0, 0.0, 0.0, -0.0, 0.0, 0.0, 0.0, -0.0, 0.0, 0.0, -0.0, 0.0, 0.0, 0.0, 0.0, -0.0, 0.0, -0.0, -0.0, 0.0, 0.0, -0.0, 0.0, 0.0, -0.0, 0.0, 0.0, -0.0, 0.0, -0.0, 0.0, 0.0, -0.0, 0.0, 1.0, -0.0, 0.0, 0.0]
x_i = [2, 89]
y = [0.115593, 0.280498, 0.0970708, 0.506839]
lambda = [0.378374, 0.160271, 0.247838, 0.213517]
M_pos = Array{Int64,1}[[29], [2, 82], [1, 82], [1, 57, 89]]
P_pos = Array{Int64,1}[[1, 10, 29], [2, 45, 82, 89], [2, 42, 57, 92], [2, 10, 29, 44, 58, 65]]
M_set = Array{Int64,1}[[2], [29], [5, 12, 82], [1, 42, 89], [5, 42, 82, 89], [45, 89], [2, 82], [1, 82], [2, 57, 89], [5, 79, 82, 89], [5, 42, 57, 82, 89], [2, 42, 89], [5, 57, 79, 82], [1, 57, 89], [1, 42, 57], [57, 92], [2, 42, 57], [5, 42, 57, 79], [5, 65], [66, 82, 89]]
P_set = Array{Int64,1}[[1, 10, 29], [5, 10, 29, 86], [2, 45, 82, 89], [5, 12, 82, 86, 89], [2, 42, 56, 89], [2, 17, 29, 45, 79], [2, 42, 57, 92], [5, 8, 10, 25, 86, 89], [2, 44, 60, 65, 92], [4, 60, 65, 92], [1, 12, 82, 89], [1, 8, 10, 25, 89], [4, 17, 29, 66, 79], [4, 66, 82, 89], [2, 10, 29, 44, 58, 65]]
Node count = 1.0
MIPGAP_root = 21.280464930431393
