dataSet = N30_d10_
Phase 8a
Started at = 14:06:22
ins = 85
theta = 0.003361811093398083
totalTime = 26536.49870300293
t_RowGen = 26499.697310127
n_RowGen = 44
t_ColGen = 4.093063889
n_ColGen = 32
x = [0.0, 0.0, 0.0, 0.0, 0.0, 0.0, 0.0, -0.0, 0.0, 0.0, 0.0, 0.0, 0.0, 0.0, 0.0, 0.0, 0.0, 0.0, 0.0, 0.0, 0.0, 0.0, -0.0, 0.0, 0.0, 0.0, 0.0, 0.0, 0.0, 0.0, 0.0, 0.0, 0.0, 0.0, 0.0, 0.0, 0.0, -0.0, 0.0, 0.0, 0.0, 0.0, 0.0, -0.0, 0.0, 0.0, 0.0, 0.0, 0.0, 0.0, 0.0, 0.0, 0.0, 0.0, -0.0, 0.0, -0.0, 0.0, 0.0, 0.0, 0.0, 0.0, -0.0, 0.0, 0.0, 0.0, 0.0, 0.0, 0.0, -0.0, -0.0, 0.0, -0.0, 0.0, 0.0, -0.0, 1.0, -0.0, 0.0, 0.0, 0.0, 0.0, 0.0, -0.0, 0.0, 1.0, 0.0, -0.0, 0.0, 1.0, 0.0, 0.0, 0.0, 0.0, 0.0, 0.0, 0.0, 0.0, 0.0, 0.0, -0.0]
x_i = [77, 86, 90]
y = [0.0796936, 0.0832611, 0.463518, 0.373527]
lambda = [0.09767, 0.429988, 0.122397, 0.349945]
M_pos = Array{Int64,1}[[95, 96], [83, 94, 95], [75, 96], [10, 83, 96]]
P_pos = Array{Int64,1}[[1, 23, 28, 38, 48, 49, 66, 83], [1, 2, 46, 75, 85, 94, 96], [1, 23, 48, 76, 85, 95, 99], [1, 23, 48, 75, 76, 85, 94, 99]]
M_set = Array{Int64,1}[[2], [86], [33, 74, 83], [10, 30, 90], [10, 60, 74, 83, 90], [10, 33, 74, 90], [33, 35, 83, 90], [1, 35, 60, 74, 90], [10, 33, 83, 90], [1, 10, 60, 74, 90], [95, 96], [83, 96], [1, 10, 96], [23], [83, 94, 95], [1, 83, 94], [75, 96], [10, 83, 96], [10, 95, 96], [35, 60, 74, 83, 90], [33, 35, 74, 90]]
P_set = Array{Int64,1}[[1, 86], [1, 33, 66, 74, 83, 90], [1, 10, 30, 60, 77, 81, 90], [1, 17, 33, 35, 74, 85, 90, 92], [1, 30, 60, 66, 83, 90], [1, 17, 30, 35, 60, 85, 90, 92], [1, 10, 33, 74, 77, 81, 90], [1, 2, 46, 85, 95, 96], [1, 23, 28, 38, 48, 49, 66, 83], [1, 2, 46, 75, 85, 94, 96], [1, 10, 23, 28, 38, 48, 49, 77, 81], [1, 23, 48, 76, 85, 95, 99], [1, 23, 48, 75, 76, 85, 94, 99]]
Node count = 1.0
MIPGAP_root = 59.35821376919716
