dataSet = N40_d10_
Phase 8a
Started at = 14:22:15
ins = 19
theta = 0.0006026786194713936
totalTime = 75061.39288496971
t_RowGen = 75024.604633115
n_RowGen = 44
t_ColGen = 4.144556461
n_ColGen = 29
x = [0.0, 1.0, -0.0, 0.0, 0.0, 0.0, 0.0, 0.0, 0.0, 0.0, 0.0, 0.0, 0.0, 0.0, 0.0, 0.0, 0.0, 0.0, 0.0, 0.0, 0.0, 0.0, 0.0, 0.0, 0.0, 0.0, 0.0, 0.0, 0.0, 0.0, 0.0, 0.0, 0.0, 0.0, 0.0, 0.0, 0.0, 0.0, 0.0, 0.0, 0.0, 0.0, 0.0, -0.0, 0.0, 0.0, 1.0, 0.0, 0.0, 0.0, 0.0, 0.0, 0.0, -0.0, 0.0, 0.0, 0.0, 0.0, 0.0, 0.0, 0.0, 0.0, 0.0, 0.0, 0.0, 0.0, 0.0, 0.0, 0.0, 0.0, 0.0, 0.0, 0.0, 0.0, 0.0, 0.0, 0.0, 0.0, 0.0, 0.0, 0.0, 0.0, 0.0, 0.0, 0.0, 0.0, 0.0, 0.0, 0.0, 0.0, 0.0, 0.0, 0.0, 0.0, 0.0, 0.0, 0.0, 0.0, 0.0, 0.0, 0.0, 0.0, 0.0, 0.0, 0.0, 0.0, 0.0, 0.0, 0.0, 0.0, 0.0, 0.0, 0.0, 0.0, 0.0, 0.0, 0.0, 0.0, 0.0, 0.0, 0.0, 0.0, 0.0, 0.0, 0.0, 0.0, 0.0, 0.0, 0.0, 0.0, 0.0, 0.0, 0.0]
x_i = [2, 47]
y = [0.69214, 0.30786]
lambda = [0.167652, 0.832348]
M_pos = Array{Int64,1}[[3, 15, 18, 116], [3, 10, 15]]
P_pos = Array{Int64,1}[[3, 10, 18, 34, 84, 129], [1, 10, 15, 44]]
M_set = Array{Int64,1}[[1], [18, 55], [2, 44], [2, 55], [18, 44], [18, 112, 116], [18, 44, 116], [2, 112, 116], [18, 52, 116], [3, 129], [3, 18], [3, 16], [1, 3, 15, 116], [3, 15, 18], [3, 18, 57, 116], [3, 15, 18, 116], [3, 10, 15]]
P_set = Array{Int64,1}[[2, 10, 44, 53], [2, 10, 18, 34, 55, 84], [2, 10, 18, 45, 47, 53, 104], [2, 14, 54, 64, 67, 112, 116, 124], [2, 10, 18, 46, 53, 73], [2, 22, 34, 55, 84], [2, 14, 32, 52, 64, 67, 112, 116, 124], [2, 22, 45, 47, 53, 104], [2, 22, 46, 53, 73], [3, 10, 18, 34, 84, 129], [3, 5, 14, 57, 67, 112, 116, 124, 127], [3, 22, 34, 84, 129], [1, 10, 16, 18, 47, 104], [1, 16, 22, 47, 104], [1, 10, 15, 18, 46, 73], [1, 10, 15, 44]]
Node count = 1.0
MIPGAP_root = 40.72102514436647
