dataSet = N40_d10_
Phase 8a
Started at = 14:22:16
ins = 21
theta = 0.0759060532818127
totalTime = 2075.683557033539
t_RowGen = 2039.411812593
n_RowGen = 16
t_ColGen = 3.541506911
n_ColGen = 13
x = [0.0, 0.0, 0.0, 0.0, 0.0, -0.0, 0.0, -0.0, -0.0, 0.0, -0.0, -0.0, -0.0, 0.0, -0.0, -0.0, -0.0, 0.0, -0.0, 0.0, -0.0, -0.0, -0.0, 0.0, 0.0, -0.0, -0.0, 0.0, -0.0, 0.0, -0.0, 0.0, 0.0, -0.0, 0.0, 0.0, 0.0, 0.0, -0.0, 0.0, -0.0, -0.0, -0.0, 0.0, 0.0, 0.0, -0.0, 0.0, -0.0, 0.0, 0.0, 0.0, -0.0, -0.0, 0.0, -0.0, 0.0, 0.0, -0.0, 0.0, 0.0, -0.0, 0.0, -0.0, 0.0, 0.0, -0.0, 0.0, -0.0, 0.0, 0.0, 0.0, 0.0, -0.0, -0.0, -0.0, 0.0, 0.0, 0.0, 0.0, -0.0, -0.0, 0.0, 0.0, 0.0, 0.0, -0.0, 0.0, 0.0, -0.0, 0.0, 0.0, -0.0, -0.0, 0.0, -0.0, 0.0, 0.0, 0.0, -0.0, -0.0, 0.0, 0.0, 0.0, 0.0, 0.0, -0.0, -0.0, -0.0, -0.0, -0.0, 0.0, 0.0, 0.0, 0.0, -0.0, 0.0, -0.0, 0.0, 0.0, -0.0, -0.0, 0.0, -0.0, -0.0, -0.0, -0.0, -0.0, -0.0, -0.0, 0.0, -0.0, -0.0, 0.0, -0.0, 0.0, 0.0, -0.0, 0.0, 0.0, 0.0, 0.0, -0.0, 1.0, 0.0, -0.0, -0.0, 0.0, 0.0, -0.0, -0.0, -0.0, 0.0, -0.0, 0.0]
x_i = [144]
y = [0.887062, 0.112938]
lambda = [0.262178, 0.737822]
M_pos = Array{Int64,1}[[127, 140], [4]]
P_pos = Array{Int64,1}[[3, 37, 140], [3, 4, 22, 37, 70, 120, 139, 147]]
M_set = Array{Int64,1}[[1], [140], [144], [3], [127, 140], [4]]
P_set = Array{Int64,1}[[3, 144], [3, 37, 140], [3, 7, 37, 70, 90, 127, 139, 147], [3, 4, 22, 37, 70, 120, 139, 147]]
Node count = 1.0
MIPGAP_root = 78.28880978266083
