dataSet = N40_d10_
Phase 8a
Started at = 14:22:17
ins = 23
theta = 0.27175388815239426
totalTime = 276.1048710346222
t_RowGen = 240.132882007
n_RowGen = 19
t_ColGen = 3.586080515
n_ColGen = 15
x = [0.0, -0.0, 1.0, 0.0, -0.0, 0.0, 0.0, 0.0, -0.0, 0.0, 0.0, -0.0, 0.0, -0.0, 0.0, -0.0, -0.0, 0.0, 0.0, -0.0, 0.0, 0.0, 0.0, 0.0, -0.0, -0.0, -0.0, -0.0, -0.0, -0.0, 0.0, 0.0, -0.0, 0.0, 0.0, -0.0, -0.0, -0.0, -0.0, -0.0, 0.0, -0.0, 0.0, -0.0, -0.0, 0.0, -0.0, -0.0, 0.0, -0.0, 0.0, -0.0, 1.0, -0.0, -0.0, -0.0, 0.0, 0.0, -0.0, -0.0, -0.0, -0.0, 0.0, -0.0, 0.0, 0.0, -0.0, 0.0, 0.0, -0.0, -0.0, -0.0, -0.0, -0.0, -0.0, -0.0, -0.0, 0.0, 0.0, -0.0, -0.0, -0.0, 0.0, -0.0, 0.0, 0.0, 0.0, 0.0, 0.0, 0.0, 0.0, 0.0, -0.0, -0.0, -0.0, -0.0, -0.0, 0.0, -0.0, 0.0, -0.0, 0.0, 0.0, -0.0, 0.0, -0.0, 0.0, -0.0, 0.0, -0.0, -0.0, -0.0, 0.0, -0.0, 0.0, 0.0, 0.0, -0.0, -0.0, -0.0, 0.0, 0.0, 0.0, 0.0, 0.0, -0.0, -0.0, -0.0, -0.0, 0.0, 0.0, -0.0, 0.0, -0.0, -0.0, 0.0, -0.0, 0.0, -0.0, 0.0, 0.0, 0.0, -0.0, 0.0, 0.0, -0.0, 0.0, -0.0, 0.0, 0.0, -0.0, -0.0, -0.0, -0.0, 0.0, -0.0, -0.0, 0.0, -0.0, 0.0, -0.0, -0.0]
x_i = [3, 53]
y = [0.384641, 0.304743, 0.310616]
lambda = [0.902336, 0.023004, 0.0746596]
M_pos = Array{Int64,1}[[3, 14, 53], [4, 14], [4, 53]]
P_pos = Array{Int64,1}[[4], [3, 14, 53, 161], [3, 16, 53, 63, 161]]
M_set = Array{Int64,1}[[2], [3, 14, 53], [4], [4, 14], [1, 11, 53], [1, 3, 53], [4, 53], [13]]
P_set = Array{Int64,1}[[4], [3, 14, 53, 161], [3, 16, 53, 63, 161], [1, 11, 53], [1, 13, 101]]
Node count = 1.0
MIPGAP_root = 2.044121620984475
