dataSet = N40_d10_
Phase 8a
Started at = 15:02:50
ins = 64
theta = 0.07599999999999996
totalTime = 16169.551797866821
t_RowGen = 16133.095814398
n_RowGen = 23
t_ColGen = 3.758045567
n_ColGen = 18
x = [-0.0, -0.0, -0.0, 0.0, -0.0, -0.0, 0.0, 0.0, -0.0, 0.0, -0.0, -0.0, -0.0, 0.0, -0.0, -0.0, -0.0, -0.0, 0.0, -0.0, -0.0, -0.0, 0.0, 0.0, 0.0, -0.0, 0.0, 0.0, -0.0, 0.0, 0.0, 0.0, 0.0, 0.0, 1.0, 0.0, -0.0, 0.0, 0.0, -0.0, -0.0, -0.0, 0.0, 0.0, 0.0, -0.0, 0.0, -0.0, 0.0, 0.0, -0.0, -0.0, -0.0, 0.0, -0.0, 0.0, 0.0, -0.0, -0.0, 0.0, 0.0, 0.0, -0.0, 0.0, 0.0, 0.0, -0.0, -0.0, 0.0, 0.0, -0.0, 0.0, -0.0, 0.0, 0.0, -0.0, -0.0, 0.0, 0.0, 0.0, 0.0, -0.0, -0.0, 0.0, 0.0, -0.0, 0.0, -0.0, 0.0, -0.0, -0.0, -0.0, -0.0, -0.0, 0.0, 0.0, -0.0, 0.0, 0.0, 0.0, 0.0, -0.0, 0.0, 0.0, -0.0, -0.0, 0.0, 0.0, -0.0, 0.0, 0.0, 0.0, 0.0, 0.0, -0.0, 0.0, -0.0, -0.0, 0.0, -0.0, -0.0, 0.0, 0.0, 0.0, -0.0, -0.0, -0.0, -0.0, -0.0, 0.0, 0.0, -0.0, -0.0, 0.0, -0.0, -0.0, -0.0, -0.0, -0.0, -0.0, -0.0, -0.0, -0.0, 0.0, 0.0, 0.0, 0.0, -0.0, 0.0, -0.0, -0.0, 0.0, 0.0, -0.0, 0.0, -0.0, 0.0, 0.0]
x_i = [35]
y = [0.905582, 0.0428343, 0.0515836]
lambda = [1.0]
M_pos = Array{Int64,1}[[4, 7, 43, 105], [7, 142], [7, 69, 75, 111]]
P_pos = Array{Int64,1}[[7]]
M_set = Array{Int64,1}[[1], [4, 105], [20, 43], [4, 20, 43], [7], [4, 7, 43, 105], [7, 20, 43], [69, 142], [7, 142], [7, 69, 75, 111]]
P_set = Array{Int64,1}[[7], [4, 35, 105], [2, 20, 35, 43], [2, 44, 69, 86, 142], [4, 33, 105, 109], [2, 44, 69, 75, 77, 83, 92, 111, 137]]
Node count = 1.0
MIPGAP_root = 40.73765298654979
