dataSet = N40_d10_
Phase 8a
Started at = 14:26:06
ins = 48
theta = 0.1069286876850698
totalTime = 1718.796331167221
t_RowGen = 1683.088674066
n_RowGen = 23
t_ColGen = 3.479378811
n_ColGen = 18
x = [0.0, 0.0, 0.0, 0.0, 1.0, -0.0, 0.0, 0.0, 0.0, 0.0, 0.0, 0.0, 0.0, -0.0, 0.0, 0.0, 0.0, 0.0, -0.0, 0.0, 0.0, 0.0, 0.0, 0.0, 0.0, 0.0, 0.0, 0.0, 0.0, 0.0, 0.0, 0.0, -0.0, 0.0, 0.0, 0.0, 0.0, 0.0, 0.0, 0.0, 0.0, 0.0, -0.0, -0.0, 0.0, 0.0, 0.0, 0.0, 0.0, 0.0, 0.0, 0.0, 0.0, 0.0, 0.0, 0.0, 0.0, 0.0, 1.0, 0.0, 0.0, -0.0, 0.0, 0.0, 0.0, 0.0, 0.0, 0.0, 0.0, 0.0, -0.0, 0.0, -0.0, 0.0, -0.0, 0.0, 0.0, 0.0, 0.0, 0.0, 0.0, 0.0, 0.0, -0.0, 0.0, 0.0, 0.0, 0.0, 0.0, -0.0, 0.0, -0.0, 0.0, 0.0, 0.0, 0.0, 0.0, 0.0, 0.0, 0.0, 0.0, 0.0, 0.0, 0.0, 0.0, -0.0, 0.0, 0.0, 0.0, 0.0, -0.0, 0.0, 0.0, 0.0, -0.0, 0.0, 0.0, 0.0, 0.0, -0.0, 0.0, 0.0, 0.0, 0.0, 0.0, 0.0, 0.0, 0.0, -0.0, 0.0, -0.0, -0.0, 0.0, 0.0, -0.0, 0.0, -0.0, 0.0, 0.0, 0.0, 0.0, 0.0, 0.0, 0.0, 0.0, 0.0, 0.0, 0.0]
x_i = [5, 59]
y = [0.687573, 0.312427]
lambda = [0.812158, 0.187842]
M_pos = Array{Int64,1}[[2, 4, 114], [4, 144]]
P_pos = Array{Int64,1}[[4, 29, 35, 125, 144], [2, 25, 32, 114]]
M_set = Array{Int64,1}[[2], [5], [4, 32, 114], [4, 5, 114], [2, 4, 35], [2, 3], [2, 4, 114], [4, 144], [3, 4], [4, 59, 114]]
P_set = Array{Int64,1}[[5], [4, 25, 32, 114, 125], [2, 29, 35, 144], [4, 29, 35, 125, 144], [3, 59, 114, 136], [2, 25, 32, 114]]
Node count = 1.0
MIPGAP_root = 54.92770251217992
