dataSet = N40_d10_
Phase 8a
Started at = 15:02:57
ins = 80
theta = 0.02200000000000002
totalTime = 1377.640459060669
t_RowGen = 1341.242060373
n_RowGen = 24
t_ColGen = 3.758830606
n_ColGen = 19
x = [1.0, -0.0, 1.0, 0.0, -0.0, -0.0, -0.0, -0.0, 0.0, -0.0, 0.0, 0.0, 0.0, -0.0, -0.0, -0.0, 0.0, 0.0, -0.0, 0.0, -0.0, -0.0, -0.0, 0.0, 0.0, 0.0, -0.0, -0.0, 0.0, 0.0, -0.0, 0.0, -0.0, -0.0, 0.0, -0.0, 0.0, 0.0, 0.0, 0.0, 0.0, -0.0, -0.0, -0.0, -0.0, -0.0, 0.0, -0.0, -0.0, 0.0, 0.0, -0.0, 0.0, -0.0, 0.0, -0.0, 0.0, 0.0, 0.0, -0.0, -0.0, 0.0, -0.0, -0.0, 0.0, -0.0, -0.0, -0.0, 0.0, -0.0, -0.0, -0.0, 0.0, 0.0, 0.0, -0.0, 0.0, 0.0, 0.0, 0.0, 0.0, 0.0, -0.0, -0.0, -0.0, 0.0, -0.0, 0.0, -0.0, -0.0, -0.0, 0.0, -0.0, -0.0, -0.0, -0.0, 0.0, 0.0, -0.0, -0.0, -0.0, -0.0, 0.0, 0.0, 0.0, 0.0, 0.0, -0.0, -0.0, -0.0, -0.0, -0.0, 0.0, 0.0, 0.0, 0.0, -0.0, 0.0, -0.0, -0.0, 0.0, 0.0, -0.0, 0.0, -0.0, -0.0, -0.0, 0.0, -0.0, 0.0, 0.0, 0.0, 0.0, 0.0, 0.0, 0.0, 0.0, 0.0, -0.0, -0.0, 0.0, 0.0, 0.0, -0.0, 0.0, -0.0, 0.0, -0.0, -0.0, -0.0, 0.0, -0.0, -0.0, -0.0, 0.0, 0.0, 0.0, 0.0, -0.0, 0.0, 0.0, 0.0]
x_i = [1, 3]
y = [0.507569, 0.492431]
lambda = [1.0]
M_pos = Array{Int64,1}[[4], [2, 4]]
P_pos = Array{Int64,1}[[4]]
M_set = Array{Int64,1}[[1], [58, 145], [146, 158], [58, 145, 158], [115, 158], [106, 145, 158], [58, 106], [106, 107], [4], [2, 139], [2, 4]]
P_set = Array{Int64,1}[[4], [3, 58, 99, 115, 145], [3, 99, 146, 152, 158], [1, 58, 99, 106, 115], [1, 58, 99, 107, 115, 140], [2, 139]]
Node count = 0.0
MIPGAP_root = 100.0
