dataSet = N10_d10_
ins = 5
theta = 0.003535000000000003
totalTime = 17.34558391571045
t_RowGen = 1.6524379
n_RowGen = 7
t_ColGen = 1.5166655
n_ColGen = 7
x = [0.0, 0.0, 0.0, 0.0, -0.0, -0.0, 0.0, 0.0, 0.0, 0.0, -0.0, 0.0, -0.0, 0.0, -0.0, -0.0, -0.0, 0.0, 0.0]
x_i = Int64[]
y = [1.0]
lambda = [1.0]
M_pos = Array{Int64,1}[[1, 14]]
P_pos = Array{Int64,1}[[1, 14]]
M_set = Array{Int64,1}[[5], [1, 14]]
P_set = Array{Int64,1}[[1, 14]]
Node count = 0.0
MIPGAP_root = 100.0
