dataSet = N10_d10_
ins = 8
theta = 0.0
totalTime = 17.664830207824707
t_RowGen = 1.7199387
n_RowGen = 9
t_ColGen = 1.628597
n_ColGen = 8
x = [-0.0, 0.0, -0.0, 0.0, 0.0, 0.0, 0.0, 1.0, -0.0, -0.0, 0.0, -0.0, -0.0, 0.0, -0.0]
x_i = [8]
y = [1.0]
lambda = [1.0]
M_pos = Array{Int64,1}[[2, 7, 14]]
P_pos = Array{Int64,1}[[2, 4, 7, 9, 14]]
M_set = Array{Int64,1}[[1], [2, 8], [2, 7, 14]]
P_set = Array{Int64,1}[[2, 8], [2, 4, 7, 9, 14]]
Node count = 0.0
MIPGAP_root = NaN
