dataSet = N10_d30_
ins = 6
theta = 0.02376597494338148
totalTime = 17.91261100769043
t_RowGen = 1.8842158
n_RowGen = 22
t_ColGen = 1.5965958
n_ColGen = 17
x = [0.0, 0.0, 0.0, 0.0, 0.0, 0.0, 0.0, 0.0, 0.0, 0.0, 0.0, 0.0, 0.0, 0.0, 0.0, 0.0, 0.0, 0.0, 1.0, 0.0, 0.0, 0.0, 0.0, 0.0, 0.0, 0.0, 0.0, 0.0, 0.0]
x_i = [19]
y = [0.531567, 0.313071, 0.155363]
lambda = [0.408453, 0.271325, 0.320222]
M_pos = Array{Int64,1}[[3, 17, 20], [4, 17, 18, 20], [3, 18, 20]]
P_pos = Array{Int64,1}[[3], [2, 4, 16, 18, 20, 29], [1, 5, 17, 20]]
M_set = Array{Int64,1}[[8], [17, 19, 25], [4, 18, 20], [4, 17, 18, 19], [16, 19], [17, 29], [17, 20], [3], [3, 17, 20], [4, 17, 18, 20], [3, 18, 20]]
P_set = Array{Int64,1}[[3], [2, 17, 19, 25], [2, 4, 16, 18, 20, 29], [2, 16, 19, 25, 29], [2, 4, 17, 18, 20], [1, 5, 17, 20]]
Node count = 1.0
MIPGAP_root = 22.246759449941933
