dataSet = N10_d10_
ins = 2
theta = 0.544
totalTime = 17.364988088607788
t_RowGen = 1.6856491
n_RowGen = 7
t_ColGen = 1.5242226
n_ColGen = 7
x = [-0.0, -0.0, 0.0, 0.0, 0.0, -0.0, -0.0, -0.0, -0.0, 0.0, -0.0, 0.0, -0.0, 0.0, 0.0, 0.0, -0.0, 0.0, 0.0, -0.0, 0.0, 0.0]
x_i = Int64[]
y = [1.0]
lambda = [1.0]
M_pos = Array{Int64,1}[[3]]
P_pos = Array{Int64,1}[[3]]
M_set = Array{Int64,1}[[1], [3]]
P_set = Array{Int64,1}[[3]]
Node count = 0.0
MIPGAP_root = 100.0
