dataSet = N10_d20_
ins = 9
theta = 0.019791199680000014
totalTime = 17.28569197654724
t_RowGen = 1.6737221
n_RowGen = 10
t_ColGen = 1.4931471
n_ColGen = 9
x = [0.0, 1.0, 0.0, 0.0, 0.0, 0.0, 0.0, 0.0, 0.0, 0.0, 0.0, 0.0, 0.0, 0.0, 0.0, 0.0, 0.0, 0.0]
x_i = [2]
y = [1.0]
lambda = [1.0]
M_pos = Array{Int64,1}[[13]]
P_pos = Array{Int64,1}[[3, 11, 13, 18]]
M_set = Array{Int64,1}[[2], [13], [11, 18]]
P_set = Array{Int64,1}[[2, 11], [3, 11, 13, 18]]
Node count = 1.0
MIPGAP_root = 72.1512784641169
