dataSet = N10_d10_
ins = 7
theta = 0.034444
totalTime = 17.3383469581604
t_RowGen = 1.6671902
n_RowGen = 7
t_ColGen = 1.5137867
n_ColGen = 7
x = [0.0, -0.0, -0.0, 0.0, 0.0, 0.0, -0.0, -0.0, 0.0, 0.0, 0.0, -0.0, 0.0, 0.0, 0.0, -0.0]
x_i = Int64[]
y = [1.0]
lambda = [1.0]
M_pos = Array{Int64,1}[[1]]
P_pos = Array{Int64,1}[[1, 6]]
M_set = Array{Int64,1}[[2], [1]]
P_set = Array{Int64,1}[[1, 6]]
Node count = 0.0
MIPGAP_root = 100.0
