dataSet = N20_d20_
ins = 4
theta = 0.12215904029999997
totalTime = 22.938096046447754
t_RowGen = 7.2598385
n_RowGen = 14
t_ColGen = 1.5408906
n_ColGen = 11
x = [-0.0, 0.0, -0.0, -0.0, 0.0, -0.0, -0.0, -0.0, -0.0, -0.0, 0.0, -0.0, 0.0, -0.0, 0.0, -0.0, 0.0, 0.0, 0.0, 0.0, -0.0, 0.0, -0.0, 0.0, -0.0, 0.0, -0.0, -0.0, -0.0, -0.0, 0.0, -0.0, 0.0, 0.0, 0.0, -0.0, 0.0, -0.0, 0.0, -0.0, 0.0, -0.0, 0.0, 0.0, 0.0, 0.0, 0.0, 0.0, -0.0, -0.0, 0.0, -0.0, 0.0, 0.0, -0.0, -0.0, -0.0, 0.0, 0.0, -0.0, -0.0, 0.0, -0.0, 0.0, 0.0, 0.0, -0.0, -0.0, 1.0, 0.0, 0.0, 0.0, -0.0, 0.0, 0.0, 0.0, 0.0, -0.0, 0.0, -0.0, -0.0]
x_i = [69]
y = [1.0]
lambda = [1.0]
M_pos = Array{Int64,1}[[59]]
P_pos = Array{Int64,1}[[2, 35, 43, 59]]
M_set = Array{Int64,1}[[1], [59], [69], [2], [2, 33]]
P_set = Array{Int64,1}[[3, 51], [2, 35, 43, 59], [2, 35, 44, 69], [1, 15, 33, 69, 75]]
Node count = 0.0
MIPGAP_root = 100.0
