dataSet = N20_d20_
ins = 10
theta = 0.08504484476690692
totalTime = 54.95436191558838
t_RowGen = 39.2022397
n_RowGen = 38
t_ColGen = 1.6310769
n_ColGen = 29
x = [0.0, 0.0, 0.0, 1.0, 0.0, -0.0, 0.0, 0.0, -0.0, -0.0, 0.0, 0.0, 0.0, 0.0, -0.0, 0.0, 0.0, -0.0, 0.0, 0.0, -0.0, 0.0, 0.0, 0.0, 0.0, -0.0, 0.0, 0.0, 0.0, 0.0, 1.0, 0.0, 0.0, -0.0, 0.0, 0.0, 0.0, -0.0, -0.0, 0.0, -0.0, 0.0, 0.0, 0.0, 0.0, -0.0, -0.0, 0.0, 0.0, -0.0, -0.0, 0.0, -0.0, 0.0, 0.0, -0.0, 0.0, 0.0, 0.0, 0.0, 0.0, 0.0, 0.0, -0.0, 0.0, 0.0, -0.0, 0.0]
x_i = [4, 31]
y = [0.197065, 0.146085, 0.65685]
lambda = [0.366149, 0.0279985, 0.605852]
M_pos = Array{Int64,1}[[1, 4, 8, 10, 27], [2], [1, 10, 27, 52]]
P_pos = Array{Int64,1}[[1, 10, 52], [1, 8, 14, 19, 27, 64], [2, 14, 27, 32, 64]]
M_set = Array{Int64,1}[[4], [4, 27, 61], [1, 10, 52], [60], [4, 10, 61], [1, 4, 8, 10, 27], [4, 10, 27, 64], [4, 8, 27, 61], [2], [4, 27, 31], [4, 19], [1, 27, 64], [8, 27, 31], [10, 27, 31], [1, 10, 27, 52], [1, 4, 10, 67]]
P_set = Array{Int64,1}[[1, 12], [4, 14, 27, 61, 64], [1, 10, 52], [4, 54, 60], [1, 8, 14, 19, 27, 64], [2, 14, 27, 32, 64], [1, 9, 27, 34], [2, 31, 52], [4, 14, 19, 27, 55, 64], [4, 31, 52, 61, 67]]
Node count = 1.0
MIPGAP_root = 46.02152188060413
