dataSet = N20_d10_
ins = 7
theta = 0.00014742042125276888
totalTime = 17.988121032714844
t_RowGen = 2.2412303
n_RowGen = 45
t_ColGen = 1.6561881
n_ColGen = 35
x = [0.0, -0.0, 0.0, 1.0, -0.0, -0.0, -0.0, 0.0, 0.0, 1.0, 0.0, 0.0, 0.0, 0.0, 0.0, -0.0, 0.0, 0.0, 0.0, 0.0, 0.0, 0.0, 0.0, 1.0, 0.0, -0.0, -0.0, 0.0, -0.0, -0.0, 0.0, 0.0, 0.0, 0.0, 1.0, 0.0, -0.0, 0.0, -0.0, -0.0, 0.0, 0.0]
x_i = [4, 10, 24, 35]
y = [0.544512, 0.249365, 0.206122]
lambda = [0.571914, 0.175603, 0.252483]
M_pos = Array{Int64,1}[[2, 32], [2, 11, 27, 42], [2, 5, 11]]
P_pos = Array{Int64,1}[[2, 5, 18, 27, 32, 33, 36, 42], [2, 5, 7, 21, 26, 32, 33, 36, 42], [2, 11, 34, 39]]
M_set = Array{Int64,1}[[2], [16, 24], [2, 19, 42], [27, 34, 42], [2, 32], [19, 34], [19, 27, 42], [4], [2, 11, 39], [2, 11, 34], [2, 11, 27, 42], [5, 34], [2, 5, 11], [2, 34, 42]]
P_set = Array{Int64,1}[[1, 16, 24], [2, 18, 19, 32, 35, 42], [2, 4, 10, 18, 27, 32, 34, 42], [2, 4, 18, 27, 32, 33, 42], [2, 4, 7, 21, 26, 32, 33, 42], [2, 5, 10, 18, 27, 32, 34, 36, 42], [2, 5, 18, 27, 32, 33, 36, 42], [2, 5, 7, 21, 26, 32, 33, 36, 42], [2, 11, 34, 39], [2, 4, 7, 10, 21, 26, 32, 34, 42], [2, 5, 7, 10, 21, 26, 32, 34, 36, 42]]
Node count = 15.0
MIPGAP_root = 100.0
