dataSet = N20_d30_
ins = 4
theta = 0.267
totalTime = 826.8974621295929
t_RowGen = 811.1216482
n_RowGen = 13
t_ColGen = 1.5248153
n_ColGen = 11
x = [-0.0, -0.0, 0.0, -0.0, 0.0, -0.0, -0.0, -0.0, -0.0, 0.0, -0.0, -0.0, -0.0, 0.0, -0.0, 0.0, -0.0, -0.0, -0.0, -0.0, 0.0, -0.0, 0.0, -0.0, -0.0, 0.0, 0.0, 0.0, -0.0, 0.0, 0.0, 0.0, 0.0, -0.0, 0.0, 0.0, -0.0, -0.0, 0.0, -0.0, -0.0, -0.0, 0.0, 0.0, -0.0, 0.0, -0.0, 0.0, 0.0, -0.0, 0.0, -0.0, -0.0, 0.0, -0.0, 0.0, -0.0, 0.0, 0.0, -0.0, -0.0, -0.0, 0.0, 0.0, -0.0, 0.0, -0.0, 0.0, 0.0, 0.0, -0.0, -0.0, -0.0, 0.0, -0.0, -0.0, -0.0, -0.0, -0.0, 0.0, 0.0, 0.0, -0.0, -0.0, -0.0, 0.0, -0.0, -0.0, -0.0, -0.0, 0.0, 0.0, 0.0, 0.0, -0.0, -0.0, 0.0, 0.0, -0.0, -0.0, 0.0, 0.0, 0.0, 0.0, -0.0, -0.0]
x_i = Int64[]
y = [0.488978, 0.511022]
lambda = [1.0]
M_pos = Array{Int64,1}[[3, 5, 64], [5, 34, 88]]
P_pos = Array{Int64,1}[[5]]
M_set = Array{Int64,1}[[1], [5], [3, 64], [3, 5, 64], [53, 88], [5, 34, 88]]
P_set = Array{Int64,1}[[5], [3, 20, 53, 64, 73], [4, 20, 34, 53, 73, 88]]
Node count = 0.0
MIPGAP_root = 100.0
