dataSet = N20_d20_
ins = 2
theta = 0.031250336748580104
totalTime = 19.501049995422363
t_RowGen = 3.7452359
n_RowGen = 36
t_ColGen = 1.5995756
n_ColGen = 27
x = [0.0, -0.0, 0.0, -0.0, 1.0, -0.0, 0.0, -0.0, 0.0, -0.0, 1.0, 0.0, 0.0, 0.0, -0.0, 0.0, 0.0, -0.0, 0.0, -0.0, -0.0, 0.0, 0.0, 0.0, 0.0, -0.0, 0.0, -0.0, 0.0, -0.0, 0.0, -0.0, -0.0, -0.0, -0.0, 0.0, -0.0, -0.0, 0.0, -0.0, -0.0, -0.0, 1.0, 0.0, -0.0, 0.0, -0.0, 0.0, 0.0, -0.0, -0.0, 0.0, -0.0, -0.0, -0.0, 0.0, -0.0, 0.0]
x_i = [5, 11, 43]
y = [0.237591, 0.459199, 0.303211]
lambda = [0.370319, 0.163161, 0.46652]
M_pos = Array{Int64,1}[[2, 3, 27, 39], [1, 2, 3], [3, 14]]
P_pos = Array{Int64,1}[[1, 14, 17, 27, 32], [2, 17, 27, 32], [3, 14, 17, 27, 32, 39]]
M_set = Array{Int64,1}[[2], [5], [3, 11, 39], [1, 27], [2, 3, 27, 39], [1, 3, 11], [1, 2, 3], [4], [3, 4], [3, 11, 27, 39], [3, 14], [2, 3, 11, 39], [29, 39]]
P_set = Array{Int64,1}[[5], [3, 11, 13, 39], [1, 14, 17, 27, 32], [2, 17, 27, 32], [1, 11, 13], [4, 43, 47, 48], [3, 14, 17, 27, 32, 39], [2, 29, 33], [1, 14, 29, 33], [3, 14, 29, 33, 39]]
Node count = 1.0
MIPGAP_root = 15.791080674388965
