dataSet = N10_d20_
ins = 7
theta = 0.0012934884275390248
totalTime = 17.884537935256958
t_RowGen = 1.9344731
n_RowGen = 47
t_ColGen = 1.6824948
n_ColGen = 37
x = [0.0, 1.0, 0.0, 0.0, 0.0, 1.0, -0.0, 1.0, 0.0, 0.0, -0.0, -0.0, 0.0, -0.0, 0.0, 0.0, -0.0, 0.0, -0.0, -0.0]
x_i = [2, 6, 8]
y = [0.00356576, 0.494741, 0.255433, 0.24626]
lambda = [0.430781, 0.0279377, 0.079527, 0.461754]
M_pos = Array{Int64,1}[[9], [1, 2], [1, 7, 20], [2, 7, 17]]
P_pos = Array{Int64,1}[[2, 7, 9, 11, 15, 17, 20], [1, 7, 11, 15, 17, 20], [1, 5, 6], [2, 5, 6, 9]]
M_set = Array{Int64,1}[[2], [1, 8], [1, 7, 19], [9], [1, 2], [7, 8], [7, 8, 17], [1, 7, 20], [2, 7, 17], [7, 11, 19], [1, 7, 17, 19], [7, 16], [7, 16, 17], [1, 16], [1, 6], [1, 6, 7]]
P_set = Array{Int64,1}[[1, 8], [2, 5, 7, 9, 19], [2, 8, 9], [2, 7, 9, 11, 15, 17, 20], [1, 5, 7, 19], [1, 7, 11, 15, 17, 20], [2, 10, 16], [1, 7, 16, 18, 20], [2, 7, 9, 16, 18, 20], [1, 5, 6], [2, 5, 6, 9]]
Node count = 3.0
MIPGAP_root = 100.0
