dataSet = N10_d10_
ins = 10
theta = 0.030643999999999998
totalTime = 17.453294038772583
t_RowGen = 1.6615002
n_RowGen = 7
t_ColGen = 1.5103924
n_ColGen = 7
x = [-0.0, 0.0, 0.0, -0.0, -0.0, -0.0, -0.0, -0.0, 0.0, -0.0, 0.0, 0.0, 0.0, -0.0, -0.0, 0.0]
x_i = Int64[]
y = [1.0]
lambda = [1.0]
M_pos = Array{Int64,1}[[2, 16]]
P_pos = Array{Int64,1}[[2, 16]]
M_set = Array{Int64,1}[[1], [2, 16]]
P_set = Array{Int64,1}[[2, 16]]
Node count = 0.0
MIPGAP_root = 100.0
