dataSet = N10_d20_
ins = 1
theta = 0.244
totalTime = 17.381020069122314
t_RowGen = 1.6534898
n_RowGen = 7
t_ColGen = 1.5092971
n_ColGen = 7
x = [-0.0, 0.0, 0.0, 0.0, -0.0, 0.0, 0.0, 0.0, 0.0, 0.0, 0.0, -0.0, 0.0, -0.0, 0.0, 0.0, -0.0, -0.0, -0.0]
x_i = Int64[]
y = [1.0]
lambda = [1.0]
M_pos = Array{Int64,1}[[2]]
P_pos = Array{Int64,1}[[2]]
M_set = Array{Int64,1}[[1], [2]]
P_set = Array{Int64,1}[[2]]
Node count = 0.0
MIPGAP_root = 100.0
