dataSet = N20_d30_
ins = 3
theta = 0.32195
totalTime = 23.868340969085693
t_RowGen = 8.3189144
n_RowGen = 10
t_ColGen = 1.4764386
n_ColGen = 9
x = [-0.0, 0.0, -0.0, 0.0, 0.0, 0.0, 0.0, -0.0, 0.0, -0.0, 0.0, -0.0, 0.0, -0.0, 0.0, -0.0, 0.0, 0.0, 0.0, -0.0, 0.0, 1.0, -0.0, 0.0, -0.0, 0.0, 0.0, -0.0, 0.0, -0.0, -0.0, 0.0, -0.0, 0.0, 0.0, -0.0, -0.0, -0.0, 0.0, 0.0, -0.0, -0.0, 0.0, 0.0, -0.0, 0.0, -0.0, 0.0, -0.0, -0.0, 0.0, -0.0, -0.0, 0.0, -0.0, 0.0, 0.0, 0.0, 0.0, -0.0, -0.0, -0.0, -0.0, -0.0, -0.0, 0.0, 0.0, -0.0, -0.0, -0.0, 0.0, 0.0, -0.0, -0.0, -0.0, -0.0, -0.0, -0.0, 0.0, 0.0, -0.0, -0.0, 0.0, -0.0, 0.0, -0.0, -0.0, 0.0, 0.0, 0.0, -0.0, 0.0, -0.0, 0.0, 0.0, -0.0, 0.0, -0.0, 0.0]
x_i = [22]
y = [1.0]
lambda = [1.0]
M_pos = Array{Int64,1}[[29]]
P_pos = Array{Int64,1}[[2, 29]]
M_set = Array{Int64,1}[[1], [29], [2]]
P_set = Array{Int64,1}[[2, 29], [2, 22, 23]]
Node count = 0.0
MIPGAP_root = 100.0
