dataSet = N30_d10_
Started at = 12:55:28
ins = 18
theta = 0.006731686750754862
totalTime = 516.0325288772583
t_RowGen = 476.098492402
n_RowGen = 16
t_ColGen = 3.449591701
n_ColGen = 13
x = [0.0, 0.0, 0.0, 0.0, 0.0, -0.0, -0.0, 0.0, 0.0, 0.0, 0.0, 0.0, 0.0, 0.0, 0.0, 0.0, 0.0, 0.0, 0.0, 0.0, 0.0, 0.0, -0.0, 0.0, 0.0, 0.0, -0.0, 0.0, 0.0, 0.0, 0.0, 0.0, -0.0, 0.0, -0.0, 0.0, 0.0, 0.0, 0.0, 0.0, -0.0, 0.0, 0.0, 0.0, 0.0, 0.0, 0.0, 0.0, 0.0, 0.0, 0.0, 0.0, 0.0, 0.0, 0.0, 1.0, 0.0, 0.0, 0.0, 0.0, 0.0, 0.0, 0.0, 0.0, 0.0, 0.0, 0.0, 0.0, -0.0, 0.0, 0.0, -0.0, 0.0, 0.0, 0.0, 0.0, 0.0, 0.0, 0.0, 0.0, 0.0, 0.0, 0.0, 0.0, 0.0, 0.0, -0.0, 0.0, 0.0, 0.0, 0.0, 0.0, 0.0, 0.0, 0.0, 0.0, 0.0, 0.0, -0.0, 0.0, 0.0, 0.0, 0.0, 0.0, 0.0, 0.0]
x_i = [56]
y = [0.814083, 0.142025, 0.0438914]
lambda = [0.108471, 0.586116, 0.305413]
M_pos = Array{Int64,1}[[39, 59], [23, 39, 68], [15, 68]]
P_pos = Array{Int64,1}[[2, 24, 39, 59, 70], [2, 15, 23, 39, 70], [2, 3, 15, 39, 68]]
M_set = Array{Int64,1}[[4], [56, 72, 99], [24], [24, 99], [56, 59, 99], [15], [39, 59], [23, 39], [23, 39, 68], [15, 68]]
P_set = Array{Int64,1}[[2, 56, 72, 99], [2, 24, 39, 59, 70], [2, 5, 39, 59, 68], [2, 15, 23, 39, 70], [2, 3, 15, 39, 68]]
Node count = 1.0
MIPGAP_root = 33.33333333333335
dataSet = N30_d10_
Phase 8a
Started at = 22:43:46
ins = 18
theta = 0.006731686750754862
totalTime = 521.8748998641968
t_RowGen = 481.846452471
n_RowGen = 16
t_ColGen = 3.636667526
n_ColGen = 13
x = [0.0, 0.0, 0.0, 0.0, 0.0, -0.0, -0.0, 0.0, 0.0, 0.0, 0.0, 0.0, 0.0, 0.0, 0.0, 0.0, 0.0, 0.0, 0.0, 0.0, 0.0, 0.0, -0.0, 0.0, 0.0, 0.0, -0.0, 0.0, 0.0, 0.0, 0.0, 0.0, -0.0, 0.0, -0.0, 0.0, 0.0, 0.0, 0.0, 0.0, -0.0, 0.0, 0.0, 0.0, 0.0, 0.0, 0.0, 0.0, 0.0, 0.0, 0.0, 0.0, 0.0, 0.0, 0.0, 1.0, 0.0, 0.0, 0.0, 0.0, 0.0, 0.0, 0.0, 0.0, 0.0, 0.0, 0.0, 0.0, -0.0, 0.0, 0.0, -0.0, 0.0, 0.0, 0.0, 0.0, 0.0, 0.0, 0.0, 0.0, 0.0, 0.0, 0.0, 0.0, 0.0, 0.0, -0.0, 0.0, 0.0, 0.0, 0.0, 0.0, 0.0, 0.0, 0.0, 0.0, 0.0, 0.0, -0.0, 0.0, 0.0, 0.0, 0.0, 0.0, 0.0, 0.0]
x_i = [56]
y = [0.814083, 0.142025, 0.0438914]
lambda = [0.108471, 0.586116, 0.305413]
M_pos = Array{Int64,1}[[39, 59], [23, 39, 68], [15, 68]]
P_pos = Array{Int64,1}[[2, 24, 39, 59, 70], [2, 15, 23, 39, 70], [2, 3, 15, 39, 68]]
M_set = Array{Int64,1}[[4], [56, 72, 99], [24], [24, 99], [56, 59, 99], [15], [39, 59], [23, 39], [23, 39, 68], [15, 68]]
P_set = Array{Int64,1}[[2, 56, 72, 99], [2, 24, 39, 59, 70], [2, 5, 39, 59, 68], [2, 15, 23, 39, 70], [2, 3, 15, 39, 68]]
Node count = 1.0
MIPGAP_root = 33.33333333333335
