dataSet = N30_d10_
Started at = 12:55:38
ins = 26
theta = 0.016719381979991413
totalTime = 1424.544986963272
t_RowGen = 1384.394912275
n_RowGen = 15
t_ColGen = 3.69931126
n_ColGen = 15
x = [1.0, 0.0, 0.0, 0.0, -0.0, 0.0, 0.0, -0.0, 0.0, -0.0, 0.0, -0.0, 0.0, 0.0, -0.0, -0.0, 0.0, 0.0, 0.0, 0.0, 0.0, -0.0, 0.0, 0.0, -0.0, -0.0, 0.0, 0.0, -0.0, -0.0, 0.0, 0.0, -0.0, -0.0, 0.0, 0.0, -0.0, -0.0, 0.0, -0.0, 0.0, 0.0, -0.0, 0.0, 0.0, 0.0, -0.0, 0.0, 0.0, 0.0, 0.0, -0.0, 0.0, -0.0, 0.0, 0.0, -0.0, 0.0, -0.0, 0.0, -0.0, 0.0, 0.0, -0.0, -0.0, -0.0, -0.0, -0.0, 0.0, -0.0, -0.0, 0.0, 0.0, 0.0, -0.0, -0.0, 0.0, -0.0, -0.0, -0.0, 0.0, -0.0, 0.0, 0.0, 0.0, 0.0, 0.0, -0.0, 0.0, 0.0]
x_i = [1]
y = [0.452553, 0.547447]
lambda = [0.59503, 0.40497]
M_pos = Array{Int64,1}[[4, 11, 41, 56], [2, 56]]
P_pos = Array{Int64,1}[[4, 35, 58], [2, 13, 56, 76, 90]]
M_set = Array{Int64,1}[[1], [1, 41, 85], [2, 11], [6, 56, 90], [4], [6, 29, 41, 62], [6, 11, 18, 41], [29, 85], [4, 11, 41, 56], [6, 11, 41, 56, 85], [6, 41, 90], [6, 29, 41, 56], [4, 6, 41, 56], [6, 11, 29, 41, 56], [6, 11, 41, 90], [2, 56], [41, 51, 85], [4, 6, 11, 41]]
P_set = Array{Int64,1}[[4, 35, 58], [1, 8, 41, 50, 73, 85, 90], [2, 11, 56, 90], [1, 6, 25, 29, 56, 64, 76, 90], [1, 6, 18, 25, 29, 62], [1, 8, 18, 41, 51, 74], [2, 13, 56, 76, 90]]
Node count = 1.0
MIPGAP_root = 82.84406395238483
