dataSet = N30_d10_
Started at = 12:55:38
ins = 25
theta = 0.006675282844279741
totalTime = 438.74145102500916
t_RowGen = 398.557799185
n_RowGen = 23
t_ColGen = 3.675077208
n_ColGen = 18
x = [0.0, 0.0, 0.0, 0.0, -0.0, -0.0, 0.0, 0.0, -0.0, 0.0, 0.0, 0.0, 0.0, 0.0, 0.0, 0.0, 0.0, 1.0, 0.0, 0.0, 0.0, 0.0, 0.0, -0.0, 0.0, 0.0, 0.0, 0.0, -0.0, 0.0, 0.0, 0.0, 0.0, 0.0, -0.0, -0.0, -0.0, 0.0, 1.0, 0.0, -0.0, 0.0, 0.0, -0.0, 0.0, -0.0, 0.0, 0.0, 0.0, 0.0, 0.0, -0.0, -0.0, 0.0, 0.0, 0.0, 0.0, 0.0, 0.0, 0.0, 0.0, 0.0, 0.0, 0.0, -0.0, 0.0, -0.0, 0.0, 0.0, 0.0, -0.0, 0.0, 0.0, 0.0, -0.0, 0.0, -0.0, 0.0, -0.0, 0.0, 0.0, -0.0, -0.0, 0.0, -0.0, -0.0, -0.0, 0.0, 0.0, 0.0, 0.0, 0.0, -0.0, -0.0, 0.0, 0.0, 0.0]
x_i = [18, 39]
y = [0.329651, 0.100038, 0.486489, 0.0838226]
lambda = [0.387713, 0.198787, 0.166647, 0.246853]
M_pos = Array{Int64,1}[[1], [66, 86], [95], [86, 93]]
P_pos = Array{Int64,1}[[1, 17, 95], [2, 17, 66, 86, 95], [1, 17, 57, 93], [2, 17, 57, 66, 86, 93]]
M_set = Array{Int64,1}[[5], [67, 86], [16, 75], [16, 75, 86], [67, 75, 86], [16, 67], [18], [1], [66, 86], [18, 86], [95], [86, 93]]
P_set = Array{Int64,1}[[1, 18], [2, 39, 67, 86], [1, 16, 39, 75], [1, 17, 95], [2, 18, 66, 86], [2, 17, 66, 86, 95], [1, 17, 57, 93], [2, 17, 57, 66, 86, 93]]
Node count = 2.0
MIPGAP_root = 80.97757714798878
dataSet = N30_d10_
Phase 8a
Started at = 22:43:47
ins = 25
theta = 0.006675282844279741
totalTime = 446.04726696014404
t_RowGen = 406.153164933
n_RowGen = 23
t_ColGen = 3.673904289
n_ColGen = 18
x = [0.0, 0.0, 0.0, 0.0, -0.0, -0.0, 0.0, 0.0, -0.0, 0.0, 0.0, 0.0, 0.0, 0.0, 0.0, 0.0, 0.0, 1.0, 0.0, 0.0, 0.0, 0.0, 0.0, -0.0, 0.0, 0.0, 0.0, 0.0, -0.0, 0.0, 0.0, 0.0, 0.0, 0.0, -0.0, -0.0, -0.0, 0.0, 1.0, 0.0, -0.0, 0.0, 0.0, -0.0, 0.0, -0.0, 0.0, 0.0, 0.0, 0.0, 0.0, -0.0, -0.0, 0.0, 0.0, 0.0, 0.0, 0.0, 0.0, 0.0, 0.0, 0.0, 0.0, 0.0, -0.0, 0.0, -0.0, 0.0, 0.0, 0.0, -0.0, 0.0, 0.0, 0.0, -0.0, 0.0, -0.0, 0.0, -0.0, 0.0, 0.0, -0.0, -0.0, 0.0, -0.0, -0.0, -0.0, 0.0, 0.0, 0.0, 0.0, 0.0, -0.0, -0.0, 0.0, 0.0, 0.0]
x_i = [18, 39]
y = [0.329651, 0.100038, 0.486489, 0.0838226]
lambda = [0.387713, 0.198787, 0.166647, 0.246853]
M_pos = Array{Int64,1}[[1], [66, 86], [95], [86, 93]]
P_pos = Array{Int64,1}[[1, 17, 95], [2, 17, 66, 86, 95], [1, 17, 57, 93], [2, 17, 57, 66, 86, 93]]
M_set = Array{Int64,1}[[5], [67, 86], [16, 75], [16, 75, 86], [67, 75, 86], [16, 67], [18], [1], [66, 86], [18, 86], [95], [86, 93]]
P_set = Array{Int64,1}[[1, 18], [2, 39, 67, 86], [1, 16, 39, 75], [1, 17, 95], [2, 18, 66, 86], [2, 17, 66, 86, 95], [1, 17, 57, 93], [2, 17, 57, 66, 86, 93]]
Node count = 2.0
MIPGAP_root = 80.97757714798878
