dataSet = N40_d10_
Phase 8a
Started at = 02:23:56
ins = 132
theta = 0.04639299494399998
totalTime = 1214.0409150123596
t_RowGen = 1173.903508782
n_RowGen = 18
t_ColGen = 3.607742023
n_ColGen = 16
x = [1.0, 1.0, 0.0, 0.0, -0.0, -0.0, 1.0, 0.0, -0.0, -0.0, 0.0, -0.0, 0.0, -0.0, -0.0, 0.0, 0.0, -0.0, -0.0, -0.0, 0.0, -0.0, -0.0, -0.0, 0.0, -0.0, 0.0, -0.0, 0.0, -0.0, -0.0, -0.0, 0.0, -0.0, 0.0, -0.0, 0.0, 0.0, -0.0, -0.0, 0.0, 0.0, -0.0, -0.0, 0.0, 0.0, 0.0, -0.0, 0.0, -0.0, -0.0, 0.0, -0.0, -0.0, -0.0, -0.0, 0.0, -0.0, 0.0, 0.0, 0.0, -0.0, -0.0, 0.0, 0.0, 0.0, 0.0, -0.0, 0.0, 0.0, 0.0, 0.0, 0.0, -0.0, 0.0, -0.0, -0.0, 0.0, -0.0, -0.0, -0.0, -0.0, -0.0, -0.0, 0.0, 0.0, 0.0, -0.0, -0.0, -0.0, 0.0, 0.0, 0.0, 0.0, 0.0, 0.0, -0.0, -0.0, 0.0, 0.0, 0.0, 0.0, -0.0, 0.0, 0.0, 0.0, 0.0, -0.0, 0.0, 0.0, 0.0, -0.0, 0.0, 0.0, 0.0, 0.0, -0.0, 0.0, 0.0, -0.0, -0.0, 0.0, 0.0, 0.0, -0.0, 0.0, -0.0, -0.0, 0.0, 0.0, 0.0, 0.0, 0.0, -0.0, 0.0, -0.0, 0.0, -0.0, 0.0, -0.0]
x_i = [1, 2, 7]
y = [1.0]
lambda = [1.0]
M_pos = Array{Int64,1}[[3, 85, 100]]
P_pos = Array{Int64,1}[[3, 85, 100, 139]]
M_set = Array{Int64,1}[[1], [3, 85, 100], [1, 3, 27, 100, 139], [2, 40, 94, 113], [2, 27, 40, 94, 113], [1, 2, 27, 40, 94], [2, 3, 40, 94, 100, 113], [2, 3, 7, 40, 94, 100, 139], [2, 3, 85], [3, 4, 22, 40, 100, 139]]
P_set = Array{Int64,1}[[1, 27, 85], [3, 85, 100, 139], [2, 7, 40, 94, 113], [4, 7, 22, 31, 56, 91, 104, 135], [2, 41, 85, 132, 139]]
Node count = 1.0
MIPGAP_root = 80.16080060479932
