dataSet = N40_d10_
Phase 8a
Started at = 03:26:09
ins = 142
theta = 0.14902687102835957
totalTime = 1512.3329648971558
t_RowGen = 1472.259926953
n_RowGen = 8
t_ColGen = 3.340900476
n_ColGen = 7
x = [0.0, 0.0, 0.0, -0.0, 0.0, -0.0, -0.0, -0.0, -0.0, -0.0, 0.0, -0.0, -0.0, 0.0, -0.0, 0.0, -0.0, 1.0, -0.0, -0.0, -0.0, -0.0, -0.0, 0.0, -0.0, -0.0, -0.0, -0.0, -0.0, -0.0, 0.0, 0.0, -0.0, 0.0, 0.0, -0.0, 0.0, 0.0, -0.0, -0.0, 0.0, 0.0, 0.0, 0.0, -0.0, 0.0, 0.0, -0.0, -0.0, 0.0, 0.0, 0.0, 0.0, 0.0, 0.0, 0.0, 0.0, 0.0, 0.0, -0.0, -0.0, -0.0, 0.0, -0.0, -0.0, -0.0, -0.0, 0.0, 0.0, -0.0, -0.0, 0.0, -0.0, 0.0, 0.0, 0.0, 0.0, -0.0, 0.0, -0.0, 0.0, -0.0, 0.0, 0.0, 0.0, 0.0, 0.0, 0.0, -0.0, 0.0, 0.0, -0.0, -0.0, -0.0, -0.0, -0.0, -0.0, 0.0, -0.0, 0.0, -0.0, 0.0, 0.0, -0.0, -0.0, -0.0, -0.0, -0.0, 0.0, 0.0, 0.0, -0.0, -0.0, -0.0, -0.0, -0.0, -0.0, 0.0, 0.0, 0.0, 0.0, 0.0, -0.0, 0.0, 0.0, -0.0, -0.0, 0.0, 0.0, 0.0, -0.0, -0.0, 0.0, -0.0, 0.0, -0.0, 0.0, 0.0, 0.0, -0.0, -0.0, 0.0, 0.0, -0.0, 0.0, 0.0, 0.0, 0.0, -0.0, -0.0, 0.0, -0.0, -0.0, -0.0, -0.0]
x_i = [18]
y = [0.57532, 0.42468]
lambda = [0.848402, 0.151598]
M_pos = Array{Int64,1}[[2, 110], [98, 143]]
P_pos = Array{Int64,1}[[2, 14, 79, 98], [2, 77, 81, 110, 125]]
M_set = Array{Int64,1}[[4], [98], [2, 143], [2, 110], [98, 143]]
P_set = Array{Int64,1}[[2, 14, 79, 98], [2, 77, 79, 102, 143], [2, 77, 81, 110, 125], [2, 14, 18, 81, 108]]
Node count = 0.0
MIPGAP_root = 100.0
