dataSet = N40_d10_
Phase 8a
Started at = 22:12:29
ins = 79
theta = 0.08565113325525087
totalTime = 606.0514800548553
t_RowGen = 566.153077204
n_RowGen = 8
t_ColGen = 3.401630094
n_ColGen = 8
x = [0.0, 0.0, -0.0, -0.0, 0.0, -0.0, -0.0, -0.0, 0.0, -0.0, 0.0, 1.0, 0.0, 0.0, -0.0, 0.0, 0.0, 0.0, 0.0, 0.0, 0.0, 0.0, 0.0, 0.0, -0.0, -0.0, 0.0, -0.0, -0.0, 0.0, 0.0, -0.0, 0.0, -0.0, 0.0, -0.0, 0.0, -0.0, 0.0, 0.0, -0.0, 0.0, 0.0, -0.0, 0.0, 0.0, 0.0, 0.0, 0.0, 0.0, 0.0, 0.0, 0.0, 0.0, 0.0, -0.0, 0.0, 0.0, -0.0, -0.0, -0.0, 0.0, -0.0, 0.0, 0.0, 0.0, -0.0, 0.0, -0.0, -0.0, -0.0, 0.0, -0.0, 0.0, 0.0, -0.0, -0.0, 0.0, 0.0, 0.0, 0.0, 0.0, 0.0, 0.0, 0.0, -0.0, 0.0, -0.0, 0.0, 0.0, 0.0, 0.0, 0.0, 0.0, -0.0, -0.0, -0.0, -0.0, 0.0, -0.0, 0.0, 0.0, -0.0, 0.0, -0.0, 0.0, -0.0, 0.0, -0.0, 0.0, 0.0, 0.0, 0.0, 0.0, -0.0, 0.0, 0.0, -0.0, -0.0, 0.0, -0.0, 0.0, -0.0, 0.0, -0.0, 0.0, 0.0, 0.0, 0.0, 0.0, -0.0, -0.0, -0.0, 0.0, -0.0, 0.0, 0.0, 0.0, -0.0, 0.0, 0.0, 0.0]
x_i = [12]
y = [0.510426, 0.489574]
lambda = [0.268283, 0.731717]
M_pos = Array{Int64,1}[[1, 8], [57]]
P_pos = Array{Int64,1}[[1, 8, 19, 51, 134, 142], [1, 19, 57, 134, 142]]
M_set = Array{Int64,1}[[2], [1, 8], [1, 12], [57]]
P_set = Array{Int64,1}[[1, 12, 137], [1, 8, 19, 51, 134, 142], [1, 19, 57, 134, 142]]
Node count = 1.0
MIPGAP_root = 35.651863051079445
dataSet = N40_d10_
Phase 8a
Started at = 00:18:23
ins = 79
theta = 0.08565113325525087
totalTime = 608.3183181285858
t_RowGen = 568.740733052
n_RowGen = 8
t_ColGen = 3.416277719
n_ColGen = 8
x = [0.0, 0.0, -0.0, -0.0, 0.0, -0.0, -0.0, -0.0, 0.0, -0.0, 0.0, 1.0, 0.0, 0.0, -0.0, 0.0, 0.0, 0.0, 0.0, 0.0, 0.0, 0.0, 0.0, 0.0, -0.0, -0.0, 0.0, -0.0, -0.0, 0.0, 0.0, -0.0, 0.0, -0.0, 0.0, -0.0, 0.0, -0.0, 0.0, 0.0, -0.0, 0.0, 0.0, -0.0, 0.0, 0.0, 0.0, 0.0, 0.0, 0.0, 0.0, 0.0, 0.0, 0.0, 0.0, -0.0, 0.0, 0.0, -0.0, -0.0, -0.0, 0.0, -0.0, 0.0, 0.0, 0.0, -0.0, 0.0, -0.0, -0.0, -0.0, 0.0, -0.0, 0.0, 0.0, -0.0, -0.0, 0.0, 0.0, 0.0, 0.0, 0.0, 0.0, 0.0, 0.0, -0.0, 0.0, -0.0, 0.0, 0.0, 0.0, 0.0, 0.0, 0.0, -0.0, -0.0, -0.0, -0.0, 0.0, -0.0, 0.0, 0.0, -0.0, 0.0, -0.0, 0.0, -0.0, 0.0, -0.0, 0.0, 0.0, 0.0, 0.0, 0.0, -0.0, 0.0, 0.0, -0.0, -0.0, 0.0, -0.0, 0.0, -0.0, 0.0, -0.0, 0.0, 0.0, 0.0, 0.0, 0.0, -0.0, -0.0, -0.0, 0.0, -0.0, 0.0, 0.0, 0.0, -0.0, 0.0, 0.0, 0.0]
x_i = [12]
y = [0.510426, 0.489574]
lambda = [0.268283, 0.731717]
M_pos = Array{Int64,1}[[1, 8], [57]]
P_pos = Array{Int64,1}[[1, 8, 19, 51, 134, 142], [1, 19, 57, 134, 142]]
M_set = Array{Int64,1}[[2], [1, 8], [1, 12], [57]]
P_set = Array{Int64,1}[[1, 12, 137], [1, 8, 19, 51, 134, 142], [1, 19, 57, 134, 142]]
Node count = 1.0
MIPGAP_root = 35.651863051079445
dataSet = N40_d10_
Phase 8a
Started at = 22:50:49
ins = 79
theta = 0.08565113325525087
totalTime = 606.8244869709015
t_RowGen = 566.922766077
n_RowGen = 8
t_ColGen = 3.42945759
n_ColGen = 8
x = [0.0, 0.0, -0.0, -0.0, 0.0, -0.0, -0.0, -0.0, 0.0, -0.0, 0.0, 1.0, 0.0, 0.0, -0.0, 0.0, 0.0, 0.0, 0.0, 0.0, 0.0, 0.0, 0.0, 0.0, -0.0, -0.0, 0.0, -0.0, -0.0, 0.0, 0.0, -0.0, 0.0, -0.0, 0.0, -0.0, 0.0, -0.0, 0.0, 0.0, -0.0, 0.0, 0.0, -0.0, 0.0, 0.0, 0.0, 0.0, 0.0, 0.0, 0.0, 0.0, 0.0, 0.0, 0.0, -0.0, 0.0, 0.0, -0.0, -0.0, -0.0, 0.0, -0.0, 0.0, 0.0, 0.0, -0.0, 0.0, -0.0, -0.0, -0.0, 0.0, -0.0, 0.0, 0.0, -0.0, -0.0, 0.0, 0.0, 0.0, 0.0, 0.0, 0.0, 0.0, 0.0, -0.0, 0.0, -0.0, 0.0, 0.0, 0.0, 0.0, 0.0, 0.0, -0.0, -0.0, -0.0, -0.0, 0.0, -0.0, 0.0, 0.0, -0.0, 0.0, -0.0, 0.0, -0.0, 0.0, -0.0, 0.0, 0.0, 0.0, 0.0, 0.0, -0.0, 0.0, 0.0, -0.0, -0.0, 0.0, -0.0, 0.0, -0.0, 0.0, -0.0, 0.0, 0.0, 0.0, 0.0, 0.0, -0.0, -0.0, -0.0, 0.0, -0.0, 0.0, 0.0, 0.0, -0.0, 0.0, 0.0, 0.0]
x_i = [12]
y = [0.510426, 0.489574]
lambda = [0.268283, 0.731717]
M_pos = Array{Int64,1}[[1, 8], [57]]
P_pos = Array{Int64,1}[[1, 8, 19, 51, 134, 142], [1, 19, 57, 134, 142]]
M_set = Array{Int64,1}[[2], [1, 8], [1, 12], [57]]
P_set = Array{Int64,1}[[1, 12, 137], [1, 8, 19, 51, 134, 142], [1, 19, 57, 134, 142]]
Node count = 1.0
MIPGAP_root = 35.651863051079445
