dataSet = N40_d10_
Phase 8a
Started at = 02:23:53
ins = 127
theta = 0.0013522155359999997
totalTime = 332.9411540031433
t_RowGen = 293.174971504
n_RowGen = 8
t_ColGen = 3.396550393
n_ColGen = 8
x = [0.0, 0.0, -0.0, 0.0, 0.0, 0.0, 0.0, -0.0, -0.0, 0.0, 0.0, 0.0, 0.0, 0.0, 0.0, -0.0, 0.0, -0.0, 0.0, -0.0, 0.0, 0.0, 0.0, -0.0, 0.0, 0.0, 0.0, 0.0, 0.0, -0.0, 0.0, -0.0, 0.0, -0.0, 0.0, 0.0, 1.0, -0.0, 0.0, 0.0, 0.0, -0.0, 0.0, 0.0, 0.0, 0.0, -0.0, 0.0, 0.0, 0.0, 0.0, 0.0, 0.0, 0.0, -0.0, 0.0, 0.0, 0.0, 0.0, 0.0, 0.0, 0.0, 0.0, 0.0, 0.0, 0.0, 0.0, -0.0, 0.0, 0.0, -0.0, 0.0, 0.0, -0.0, -0.0, -0.0, -0.0, 0.0, 0.0, -0.0, 0.0, 0.0, 0.0, 0.0, -0.0, -0.0, 0.0, 0.0, 0.0, 0.0, -0.0, -0.0, 0.0, 0.0, 0.0, 0.0, -0.0, 0.0, 0.0, 0.0, 0.0, -0.0, 0.0, 0.0, 0.0, -0.0, 0.0, 0.0, 0.0, 0.0, 0.0, 0.0, 0.0, 0.0, -0.0, 0.0, 0.0, 0.0, -0.0, 0.0, 0.0, -0.0, 0.0, 0.0, 0.0, 0.0, -0.0, 0.0, 0.0, -0.0, -0.0, -0.0, 0.0, 0.0, -0.0, 0.0, -0.0, 0.0]
x_i = [37]
y = [1.0]
lambda = [1.0]
M_pos = Array{Int64,1}[[1, 46, 89]]
P_pos = Array{Int64,1}[[1, 35, 40, 46, 72]]
M_set = Array{Int64,1}[[2], [1, 89, 122], [1, 46], [1, 46, 89]]
P_set = Array{Int64,1}[[1, 35, 40, 46, 72], [1, 37, 46, 81, 89, 104, 122], [1, 37, 46, 80, 86, 108]]
Node count = 1.0
MIPGAP_root = 38.46730216616403
