dataSet = N30_d10_
Started at = 13:00:12
ins = 74
theta = 0.014665892607143854
totalTime = 324.87407398223877
t_RowGen = 283.746888773
n_RowGen = 63
t_ColGen = 4.821755156
n_ColGen = 55
x = [1.0, 1.0, 0.0, 1.0, 0.0, 0.0, 0.0, 0.0, 0.0, 0.0, 0.0, 0.0, 0.0, 0.0, 0.0, 0.0, 0.0, 0.0, 0.0, 0.0, 0.0, 0.0, 0.0, 0.0, 0.0, 0.0, 0.0, 0.0, 0.0, 0.0, 0.0, 0.0, 0.0, 0.0, 0.0, 0.0, 0.0, 0.0, 0.0, 0.0, 0.0, 0.0, 0.0, 0.0, 0.0, 0.0, 0.0, 0.0, 0.0, 0.0, 0.0, 0.0, 0.0, 0.0, 0.0, 0.0, 0.0, 0.0, 0.0, 0.0, 0.0, 0.0, 0.0, 0.0, 0.0, 0.0, 0.0, 0.0, 0.0, 0.0, 0.0, 0.0, 0.0, 0.0, 0.0, 0.0, 0.0, 0.0, 0.0, 0.0, 0.0, 0.0, 0.0, 0.0, 0.0, 0.0, 0.0, 0.0]
x_i = [1, 2, 4]
y = [0.45751, 0.370918, 0.152135, 0.0194375]
lambda = [0.0322735, 0.304549, 0.0944182, 0.56876]
M_pos = Array{Int64,1}[[86, 88], [15, 52, 85, 88], [82, 85, 86], [60, 85, 86]]
P_pos = Array{Int64,1}[[3, 37, 82, 88], [3, 25, 46, 50, 86], [3, 28, 81, 88], [3, 25, 38, 46, 60, 85]]
M_set = Array{Int64,1}[[1], [4], [3, 88], [4, 88], [2, 50, 52], [2, 52, 88], [1, 82, 86], [72, 75, 86], [52, 82, 86], [75, 88], [1, 52, 75, 86], [86, 88], [1, 52, 72, 88], [46, 85], [72, 79, 85], [15, 52, 85, 88], [15, 52, 72, 86], [15, 72, 88], [1, 72, 85, 88], [1, 2, 79], [1, 2, 88], [1, 2, 72, 85, 86], [1, 2, 85, 88], [1, 72, 79], [2, 72, 88], [82, 85, 86], [1, 60, 86], [1, 3, 85, 86], [60, 85, 86], [1, 52, 79, 85], [56], [2, 15, 52, 75, 85], [1, 2, 52, 72, 86], [2, 52, 79], [2, 15, 52, 85, 86], [46, 52], [52, 72, 79], [2, 52, 72, 85, 86], [1, 2, 15, 52, 72, 85], [2, 15, 72, 86], [1, 2, 15, 85, 86], [15, 79], [2, 15, 88], [2, 52, 85, 88], [15, 50, 52], [50, 52, 72]]
P_set = Array{Int64,1}[[4], [3, 37, 82, 88], [2, 6, 25, 46, 50, 52], [3, 25, 46, 50, 86], [1, 25, 46], [2, 28, 56, 72, 75], [3, 28, 81, 88], [3, 25, 38, 46, 60, 85], [2, 15, 37, 45, 53, 79], [2, 25, 46, 56, 71], [2, 6, 37, 45, 49, 52, 79]]
Node count = 1.0
MIPGAP_root = 65.80484582054868
