dataSet = N30_d10_
Started at = 13:00:12
ins = 75
theta = 0.013683452430001087
totalTime = 1544.5888230800629
t_RowGen = 1504.711091659
n_RowGen = 9
t_ColGen = 3.435562462
n_ColGen = 8
x = [0.0, 0.0, 0.0, 0.0, 0.0, -0.0, 0.0, 0.0, 0.0, 0.0, 0.0, 0.0, 0.0, 0.0, 0.0, 0.0, 0.0, -0.0, 0.0, 0.0, -0.0, 0.0, 0.0, -0.0, 0.0, 0.0, 0.0, 0.0, -0.0, 0.0, -0.0, -0.0, -0.0, 0.0, 0.0, -0.0, 0.0, 0.0, 0.0, 0.0, 0.0, 0.0, 0.0, 0.0, 0.0, 0.0, 0.0, 0.0, 0.0, 0.0, 0.0, -0.0, 0.0, 0.0, 0.0, 0.0, 0.0, 0.0, 0.0, 0.0, 0.0, -0.0, -0.0, 0.0, 0.0, -0.0, 1.0, -0.0, 0.0, -0.0, 0.0, -0.0, 0.0, 0.0, -0.0, 0.0, -0.0, 0.0, 0.0, 0.0, -0.0, 0.0, 0.0, 0.0, -0.0, 0.0, 0.0, 0.0]
x_i = [67]
y = [0.086972, 0.6973, 0.0843982, 0.13133]
lambda = [0.13538, 0.178884, 0.535579, 0.150157]
M_pos = Array{Int64,1}[[3, 48], [62, 68], [88], [4, 62]]
P_pos = Array{Int64,1}[[4, 22, 48, 58, 64, 68], [3, 22, 48, 58, 62, 64], [4, 64, 70, 88], [3, 63, 64, 88]]
M_set = Array{Int64,1}[[1], [4, 22, 67], [3, 48], [4, 68], [62, 68], [88], [4, 62]]
P_set = Array{Int64,1}[[4, 22, 64, 67], [4, 22, 48, 58, 64, 68], [3, 22, 48, 58, 62, 64], [4, 64, 70, 88], [3, 63, 64, 88]]
Node count = 1.0
MIPGAP_root = 19.86249689513481
