dataSet = N30_d10_
Started at = 12:56:49
ins = 53
theta = 0.0026056733988460445
totalTime = 2436.9375851154327
t_RowGen = 2395.375999217
n_RowGen = 62
t_ColGen = 5.257822899
n_ColGen = 52
x = [-0.0, 0.0, 0.0, -0.0, 0.0, 0.0, -0.0, -0.0, -0.0, 0.0, -0.0, -0.0, -0.0, 0.0, -0.0, 0.0, 0.0, -0.0, -0.0, -0.0, 1.0, -0.0, 0.0, -0.0, -0.0, -0.0, 0.0, -0.0, -0.0, 0.0, 0.0, -0.0, -0.0, 0.0, -0.0, 0.0, 0.0, 0.0, 1.0, 0.0, -0.0, -0.0, 0.0, 0.0, 0.0, -0.0, -0.0, 0.0, 0.0, -0.0, -0.0, 0.0, -0.0, 0.0, 1.0, -0.0, -0.0, 0.0, 0.0, -0.0, -0.0, 0.0, -0.0, -0.0, -0.0, -0.0, 0.0, -0.0, 0.0, 0.0, -0.0, -0.0, -0.0, 0.0, -0.0, 0.0, -0.0, 0.0, 0.0, -0.0, -0.0, 0.0, 1.0, -0.0, 0.0, 0.0, -0.0, 0.0, -0.0, -0.0, -0.0, -0.0, 0.0, 0.0]
x_i = [21, 39, 55, 83]
y = [0.543202, 0.125475, 0.0476117, 0.283711]
lambda = [0.17691, 0.0236481, 0.799442]
M_pos = Array{Int64,1}[[18, 34, 91], [18, 19, 61, 91], [6, 18, 91, 92], [18, 61, 91, 92]]
P_pos = Array{Int64,1}[[2, 18, 20, 34], [2, 18, 20, 32, 55, 61, 86, 90], [1, 6, 32, 55, 61, 86, 90, 91]]
M_set = Array{Int64,1}[[1], [18, 34], [19, 61, 86], [39, 50], [2, 19, 50], [2, 34, 61, 70], [2, 18, 19], [19, 70, 86], [2, 19, 34, 70], [2, 19, 50, 70], [19, 86, 91], [2, 19, 34, 61], [18, 50], [18, 50, 70], [18, 19, 50], [2, 50, 61], [2, 19, 61, 70, 91], [2, 18, 70], [18, 34, 91], [18, 19, 61, 91], [34, 86], [19, 34, 39, 70], [18, 50, 72], [34, 39, 70, 72], [2, 19, 34, 70, 72], [18, 39], [2, 19, 72, 79], [2, 19, 39], [2, 19, 61, 79], [6, 34, 91], [2, 19, 34, 91], [18, 19, 34], [18, 34, 72], [2, 18, 72], [2, 34, 72, 91], [18, 34, 70, 72], [18, 19, 34, 70], [18, 34, 61], [2, 34, 70, 91], [19, 34, 50, 91], [19, 50, 61, 70, 91], [19, 34, 50, 61], [2, 19, 61, 91, 92], [2, 50, 91], [2, 19, 50, 72], [6, 18, 91, 92], [18, 61, 91, 92]]
P_set = Array{Int64,1}[[2, 21, 72, 90], [2, 18, 20, 34], [2, 17, 19, 55, 61, 86, 90], [2, 4, 21, 39, 50, 63, 71, 74], [2, 21, 32, 55, 61, 70, 86, 90], [2, 21, 34, 70], [2, 18, 20, 32, 55, 61, 86, 90], [2, 18, 20, 31, 39, 63], [1, 6, 32, 55, 61, 86, 90, 91], [1, 6, 34, 91], [2, 4, 15, 21, 35, 50, 55, 61, 63, 71, 74, 90], [2, 16, 19, 61, 79, 83, 90], [2, 15, 18, 20, 31, 35, 55, 61, 63, 90], [2, 21, 31, 39, 63, 70], [2, 17, 19, 39, 56, 63, 86], [2, 16, 19, 28, 52, 74, 82, 90], [2, 17, 19, 55, 61, 69, 86, 88], [2, 4, 15, 21, 35, 50, 55, 61, 63, 69, 71, 74, 88], [2, 16, 19, 61, 69, 79, 83, 88], [1, 6, 31, 39, 63, 91], [1, 6, 18, 34, 43, 46, 92], [1, 6, 17, 43, 45, 55, 61, 86, 90, 92]]
Node count = 17.0
MIPGAP_root = 100.0
