dataSet = N40_d10_
Phase 8a
Started at = 02:24:39
ins = 194
theta = 0.07718555317667866
totalTime = 259.8388431072235
t_RowGen = 219.494217088
n_RowGen = 15
t_ColGen = 3.864702294
n_ColGen = 13
x = [0.0, 0.0, 1.0, 0.0, 0.0, 0.0, 0.0, 0.0, 0.0, 0.0, 0.0, 0.0, 0.0, 0.0, 0.0, 0.0, 0.0, 0.0, 0.0, 0.0, 0.0, 0.0, 0.0, 0.0, 0.0, 0.0, 0.0, 0.0, 0.0, 0.0, 0.0, -0.0, 0.0, 0.0, 0.0, 0.0, 0.0, 0.0, 0.0, 0.0, 0.0, 0.0, 0.0, 0.0, 0.0, 0.0, 0.0, 0.0, 0.0, 0.0, 0.0, 0.0, 0.0, -0.0, 0.0, 0.0, 0.0, 0.0, 0.0, 0.0, 0.0, 0.0, 0.0, 0.0, 0.0, 0.0, 0.0, 0.0, 0.0, 0.0, 0.0, 0.0, 0.0, 0.0, 0.0, 0.0, 0.0, 0.0, 0.0, 0.0, 0.0, 0.0, 0.0, 0.0, 0.0, 0.0, 0.0, 0.0, 0.0, 0.0, 0.0, 0.0, 0.0, 0.0, 0.0, 0.0, 0.0, 0.0, 0.0, 0.0, 0.0, 0.0, 0.0, 0.0, 0.0, 0.0, 0.0, 0.0, 0.0, 0.0, 0.0, 0.0, 0.0, 0.0, 0.0, 0.0, 0.0, 0.0, 0.0, 0.0, 0.0, 0.0, 0.0, 0.0, 0.0, 0.0, -0.0, 0.0, 0.0, 0.0, 0.0, 0.0, 0.0, 0.0, 0.0, 0.0, 0.0, 0.0, -0.0, 0.0, 0.0, 0.0, 0.0, 0.0, 0.0, 0.0, 0.0, 0.0]
x_i = [3]
y = [0.119712, 0.880288]
lambda = [0.312107, 0.687893]
M_pos = Array{Int64,1}[[2, 47], [47, 121, 142]]
P_pos = Array{Int64,1}[[2, 47, 121], [5, 89, 128, 142]]
M_set = Array{Int64,1}[[1], [2, 47], [3], [3, 47], [26, 47, 121], [5], [5, 47], [47, 121, 142]]
P_set = Array{Int64,1}[[3, 26, 71], [2, 47, 121], [5, 89, 128, 142], [2, 47, 57, 109, 117]]
Node count = 1.0
MIPGAP_root = 13.95130872379206
