dataSet = N40_d10_
Phase 8a
Started at = 03:26:13
ins = 151
theta = 0.003959728797229591
totalTime = 270.04946303367615
t_RowGen = 230.665655934
n_RowGen = 10
t_ColGen = 3.351372238
n_ColGen = 9
x = [1.0, 0.0, 0.0, 0.0, 0.0, 0.0, 0.0, 0.0, 0.0, 0.0, 0.0, 0.0, 0.0, 0.0, 0.0, 0.0, 0.0, 1.0, 0.0, 0.0, 0.0, 0.0, 0.0, 0.0, 0.0, 0.0, 0.0, 0.0, 0.0, 0.0, 0.0, 0.0, 0.0, 0.0, 0.0, 0.0, 0.0, 0.0, 0.0, 0.0, 0.0, 0.0, 0.0, 0.0, 0.0, 0.0, 0.0, 0.0, 0.0, 0.0, 0.0, 0.0, 0.0, 0.0, 0.0, 0.0, 0.0, 0.0, 0.0, 0.0, 0.0, 0.0, 0.0, 0.0, 0.0, 0.0, 0.0, 0.0, 0.0, 0.0, 0.0, 0.0, 0.0, 0.0, 0.0, 0.0, 0.0, 0.0, 0.0, 0.0, 0.0, 0.0, 0.0, 0.0, 0.0, 0.0, 0.0, 0.0, 0.0, 0.0, 0.0, 0.0, 0.0, 0.0, 0.0, 0.0, 0.0, 0.0, 0.0, 0.0, 0.0, 0.0, 0.0, 0.0, 0.0, 0.0, 0.0, 0.0, 0.0, 0.0, 0.0, 0.0, 0.0, 0.0, 0.0, 0.0, 0.0, 0.0, 0.0, 0.0, 0.0, 0.0, 0.0, 0.0, 0.0, 0.0, 0.0, 0.0, 0.0, 0.0, 0.0, 0.0, 0.0, 0.0, 0.0, 0.0, 0.0, 0.0, 0.0, 0.0, 0.0]
x_i = [1, 18]
y = [0.287288, 0.228502, 0.48421]
lambda = [0.21278, 0.78722]
M_pos = Array{Int64,1}[[8, 138], [8, 139], [8, 77, 138]]
P_pos = Array{Int64,1}[[2, 8, 138], [2, 8, 30, 73, 111, 139]]
M_set = Array{Int64,1}[[1], [8, 30], [8, 65, 77, 95], [8, 30, 65, 77], [8, 33], [8, 111], [8, 138], [8, 139], [8, 77, 138], [77, 139]]
P_set = Array{Int64,1}[[2, 141], [1, 8, 30, 111], [1, 28, 65, 70, 77, 95, 113, 119], [1, 33, 111, 115, 130], [2, 8, 138], [2, 8, 18, 30, 69, 139], [2, 28, 70, 77, 95, 119, 139], [2, 8, 30, 73, 111, 139]]
Node count = 1.0
MIPGAP_root = 36.312887351209824
