dataSet = N30_d10_
Phase 8a
Started at = 15:19:41
ins = 8
theta = 0.0002675928795820374
totalTime = 61.199981927871704
t_RowGen = 20.220826087
n_RowGen = 26
t_ColGen = 3.755193668
n_ColGen = 22
x = [1.0, 1.0, 0.0, -0.0, -0.0, 0.0, 0.0, -0.0, 0.0, -0.0, 0.0, -0.0, -0.0, 0.0, 0.0, -0.0, 0.0, 0.0, -0.0, -0.0, 0.0, 0.0, 0.0, -0.0, -0.0, 0.0, -0.0, -0.0, 0.0, 0.0, 0.0, -0.0, -0.0, 0.0, 0.0, -0.0, -0.0, -0.0, -0.0, -0.0, 0.0, -0.0, -0.0, -0.0, -0.0, 0.0, -0.0, 0.0, 0.0, -0.0, -0.0, -0.0, 0.0, -0.0, -0.0, -0.0, -0.0, 0.0, -0.0, -0.0, -0.0, -0.0, 0.0, -0.0, -0.0, 0.0, -0.0, 0.0, 0.0, -0.0, -0.0, 0.0, 0.0, 0.0, -0.0, -0.0, 0.0, 0.0, 0.0, -0.0, 0.0, 0.0, -0.0, -0.0, 1.0, -0.0]
x_i = [1, 2, 85]
y = [1.0]
lambda = [1.0]
M_pos = Array{Int64,1}[[3, 19, 84, 85]]
P_pos = Array{Int64,1}[[3, 5, 8, 31, 34, 40, 84]]
M_set = Array{Int64,1}[[1], [2, 80], [8], [3, 59], [2, 3, 19], [2, 19, 34], [1, 19], [34, 80, 85], [2, 19, 80], [2, 34, 85], [19, 34, 80], [3, 19, 34], [3, 19, 31], [19, 31, 34], [2, 31], [2, 19, 31], [3, 19, 84, 85], [11], [5, 31], [3, 80, 85], [3, 34, 85], [3, 19, 80], [4]]
P_set = Array{Int64,1}[[1, 4, 12, 80], [2, 33, 80, 83], [1, 5, 8, 31, 34, 40], [3, 19, 49, 59, 85], [3, 17, 33, 80, 83, 85], [3, 5, 8, 31, 34, 40, 84], [2, 31, 33, 81], [1, 4, 11, 31, 40], [1, 5, 8, 34, 41, 49], [1, 4, 11, 41, 49], [3, 5, 8, 34, 41, 49, 84], [1, 5, 26, 35]]
Node count = 1.0
MIPGAP_root = 100.0
