dataSet = N30_d10_
Phase 8a
Started at = 15:26:04
ins = 23
theta = 0.0003404569147195604
totalTime = 97.80514192581177
t_RowGen = 56.988607597
n_RowGen = 27
t_ColGen = 3.754203079
n_ColGen = 20
x = [0.0, 1.0, 0.0, 0.0, 0.0, 0.0, 0.0, -0.0, 0.0, 0.0, 0.0, 0.0, -0.0, -0.0, 0.0, 0.0, 0.0, -0.0, 0.0, 0.0, 0.0, 1.0, -0.0, 0.0, -0.0, 0.0, 0.0, 0.0, -0.0, -0.0, 0.0, -0.0, -0.0, 0.0, 0.0, 0.0, 0.0, 0.0, 0.0, -0.0, -0.0, -0.0, -0.0, 0.0, -0.0, -0.0, -0.0, 1.0, -0.0, 0.0, 0.0, 0.0, 0.0, -0.0, 0.0, -0.0, 0.0, 0.0, -0.0, -0.0, -0.0, -0.0, -0.0, 0.0, -0.0, -0.0, -0.0, -0.0, -0.0, 0.0, 0.0, -0.0, 0.0, -0.0, 0.0, -0.0, -0.0, -0.0, 0.0, -0.0, 0.0, -0.0, -0.0, 0.0, -0.0, -0.0, 0.0]
x_i = [2, 22, 48]
y = [1.0]
lambda = [1.0]
M_pos = Array{Int64,1}[[1, 23]]
P_pos = Array{Int64,1}[[1, 12, 23, 33, 39, 49, 55, 79]]
M_set = Array{Int64,1}[[2], [1, 23], [2, 12, 23], [1, 2, 22], [2, 10, 12], [2, 12, 22], [2, 12, 22, 49], [2, 22, 23, 39], [2, 12, 22, 41], [2, 10, 22, 39], [2, 12, 85], [2, 22, 39, 85], [2, 38, 87], [2, 55, 87], [2, 12, 87], [2, 12, 71], [2, 10, 18, 23, 41], [2, 23, 55]]
P_set = Array{Int64,1}[[1, 12, 15, 22], [1, 23, 47, 48, 62], [2, 12, 33, 39, 55], [1, 10, 15, 22, 47], [1, 12, 23, 33, 39, 49, 55, 79], [1, 18, 22, 41, 47], [1, 10, 23, 33, 39, 47, 49, 55, 79], [1, 21, 22, 85], [1, 11, 15, 22, 38, 72, 78, 87], [2, 11, 33, 38, 39, 55, 72, 78, 87], [2, 10, 33, 39, 47, 55], [2, 11, 33, 39, 45, 47, 55, 62, 71], [1, 18, 23, 29, 41, 47, 48, 61], [2, 4, 11, 27, 33, 39, 40, 43, 52, 55, 64, 71, 85], [1, 12, 15, 23, 29, 48, 61], [1, 21, 23, 29, 48, 61, 85]]
Node count = 1.0
MIPGAP_root = 100.0
