dataSet = N30_d10_
Phase 8a
Started at = 15:25:59
ins = 12
theta = 0.035910530178764555
totalTime = 285.2062921524048
t_RowGen = 244.751787089
n_RowGen = 11
t_ColGen = 3.43412404
n_ColGen = 9
x = [0.0, 0.0, -0.0, -0.0, -0.0, 1.0, -0.0, -0.0, -0.0, 0.0, -0.0, 0.0, -0.0, -0.0, 0.0, -0.0, 0.0, 0.0, -0.0, -0.0, -0.0, -0.0, -0.0, -0.0, 0.0, -0.0, -0.0, 0.0, 0.0, 0.0, 0.0, -0.0, -0.0, 0.0, 0.0, 0.0, 0.0, 0.0, 0.0, -0.0, -0.0, 0.0, 0.0, 0.0, 0.0, 0.0, -0.0, -0.0, 0.0, -0.0, 1.0, 0.0, 0.0, 0.0, 0.0, -0.0, 0.0, 0.0, -0.0, -0.0, 0.0, 0.0, 0.0, 0.0, -0.0, -0.0, -0.0, 0.0, 0.0, 0.0, -0.0, -0.0, -0.0, -0.0, 0.0, 0.0, -0.0, -0.0, -0.0, -0.0, 0.0, 0.0, 0.0, 0.0, -0.0, 0.0, 0.0, 0.0, -0.0, -0.0, -0.0, 0.0, 0.0, -0.0, -0.0, 0.0]
x_i = [6, 51]
y = [0.16649, 0.438247, 0.306903, 0.0883598]
lambda = [0.236587, 0.14358, 0.619833]
M_pos = Array{Int64,1}[[3], [6, 27, 36, 59], [27, 36, 56, 59], [27, 33, 59]]
P_pos = Array{Int64,1}[[3, 27, 36], [2, 21, 39, 59], [3, 27, 33, 39]]
M_set = Array{Int64,1}[[3], [85], [2, 59], [6, 27, 36, 59], [39, 51], [27, 36, 51], [2, 51, 59], [27, 51, 59], [6, 27, 51], [6, 51, 59], [25, 56, 78], [27, 36, 56, 59], [27, 33, 59]]
P_set = Array{Int64,1}[[6, 39, 83], [6, 39, 51, 85], [3, 27, 36], [2, 21, 39, 59], [1, 17, 24, 39, 51], [1, 17, 21, 23, 39, 59], [1, 14, 17, 25, 39, 56, 78], [3, 27, 33, 39]]
Node count = 1.0
MIPGAP_root = 100.0
