dataSet = N30_d10_
Phase 8a
Started at = 15:26:36
ins = 100
theta = 0.0014742581385185595
totalTime = 414.7112820148468
t_RowGen = 373.184894873
n_RowGen = 39
t_ColGen = 4.516145003
n_ColGen = 33
x = [0.0, 0.0, 0.0, -0.0, -0.0, 0.0, -0.0, -0.0, -0.0, 0.0, 0.0, 0.0, -0.0, 0.0, 0.0, 0.0, -0.0, -0.0, -0.0, 0.0, -0.0, -0.0, -0.0, -0.0, -0.0, -0.0, -0.0, 0.0, 0.0, 1.0, 0.0, 0.0, -0.0, 0.0, 0.0, -0.0, 0.0, 0.0, -0.0, 0.0, -0.0, -0.0, -0.0, 0.0, 0.0, 0.0, -0.0, 0.0, 0.0, -0.0, 0.0, 1.0, 0.0, 0.0, 0.0, -0.0, 0.0, 0.0, -0.0, -0.0, 0.0, 0.0, 0.0, -0.0, -0.0, -0.0, 0.0, -0.0, -0.0, 0.0, 0.0, -0.0, -0.0, -0.0, -0.0, -0.0, 0.0, -0.0, 0.0, -0.0, 0.0, 0.0, -0.0, 0.0, -0.0, 0.0, 0.0, 1.0, 0.0, 0.0, 0.0, 0.0, 0.0, 0.0, -0.0]
x_i = [30, 52, 88]
y = [0.764465, 0.131646, 0.0280243, 0.0256996, 0.0501653]
lambda = [0.0731539, 0.0898669, 0.225255, 0.51191, 0.0998137]
M_pos = Array{Int64,1}[[1, 31, 49, 81, 82], [1, 11, 12, 31, 49, 81], [1, 11, 12, 31, 49, 79, 88], [12, 31, 49, 82], [1, 12, 31, 49, 79, 81]]
P_pos = Array{Int64,1}[[1, 13, 20, 31, 49, 79, 81], [1, 29, 31, 46, 82], [1, 12, 31, 34, 46, 77, 81], [1, 9, 20, 31, 49, 67, 79, 80], [1, 11, 20, 31, 49, 80, 89]]
M_set = Array{Int64,1}[[4], [1, 13, 31, 49], [1, 30, 64, 79], [1, 31, 49, 64, 79, 81], [1, 30, 31, 64, 79], [1, 30, 49, 64], [1, 30, 31, 49, 79], [1, 31, 46, 82], [31, 46, 49, 82], [1, 31, 49, 79, 82], [1, 11, 31, 64, 82], [1, 31, 79, 81, 82], [1, 11, 31, 79, 81, 82], [1, 31, 39, 79, 82], [1, 31, 39, 64, 81], [1, 31, 64, 79, 82], [1, 31, 49, 81, 82], [1, 11, 31, 39, 49, 88], [1, 11, 12, 31, 49, 81], [1, 12, 31, 39, 49], [1, 11, 31, 39, 49, 81], [1, 2, 11, 31, 81, 88], [1, 11, 31, 49, 82, 88], [1, 11, 31, 81, 82, 88], [1, 11, 12, 31, 49, 79, 88], [1, 31, 39, 49, 81, 88], [1, 11, 31, 39, 64, 79], [1, 11, 31, 64, 79, 81], [11, 12, 31, 49, 81, 88], [1, 11, 31, 49, 77, 81, 88], [1, 12, 31, 34, 81], [12, 31, 81, 82], [12, 31, 49, 82], [1, 12, 31, 49, 79, 81], [11, 31, 49, 81, 82], [2, 31, 49, 81, 88], [1, 2, 31, 49, 81], [1, 12, 31, 49, 81, 88], [31, 49, 81, 82, 88], [1, 11, 12, 31, 82]]
P_set = Array{Int64,1}[[2, 87], [1, 13, 20, 31, 49, 79, 81], [1, 30, 52, 64, 79], [1, 20, 30, 49, 79], [1, 13, 31, 52, 64, 79, 81], [1, 29, 31, 46, 82], [1, 11, 31, 52, 64, 80, 89], [1, 9, 31, 39, 52, 64, 65, 80, 89], [1, 9, 31, 52, 64, 67, 79, 80], [1, 12, 31, 34, 46, 77, 81], [1, 11, 20, 31, 80, 88], [1, 9, 20, 31, 39, 49, 65, 80, 89], [1, 9, 20, 31, 39, 65, 80, 88], [1, 9, 20, 31, 49, 67, 79, 80], [2, 20, 86, 88], [1, 29, 31, 44, 64, 82], [1, 12, 31, 34, 44, 64, 77, 81], [1, 11, 20, 31, 49, 80, 89]]
Node count = 0.0
MIPGAP_root = NaN
