dataSet = N30_d10_
Phase 8a
Started at = 15:26:18
ins = 58
theta = 0.05340467123224438
totalTime = 115.02492785453796
t_RowGen = 73.95233704
n_RowGen = 20
t_ColGen = 3.785995161
n_ColGen = 19
x = [0.0, 0.0, 0.0, -0.0, -0.0, -0.0, -0.0, 0.0, -0.0, 0.0, -0.0, 0.0, -0.0, -0.0, -0.0, 0.0, -0.0, -0.0, -0.0, -0.0, 0.0, -0.0, -0.0, -0.0, 0.0, -0.0, 0.0, 0.0, 0.0, -0.0, -0.0, -0.0, -0.0, 0.0, 0.0, 0.0, 0.0, 0.0, -0.0, 0.0, -0.0, 0.0, 0.0, 0.0, 1.0, 0.0, 0.0, 0.0, -0.0, 0.0, -0.0, 0.0, -0.0, -0.0, 0.0, -0.0, -0.0, -0.0, 0.0, 0.0, 0.0, 0.0, 0.0, -0.0, -0.0, -0.0, 0.0, -0.0, -0.0, -0.0, 0.0, -0.0, 0.0, 0.0, 0.0, 0.0, -0.0, -0.0, -0.0, 0.0, 0.0, 0.0, -0.0, -0.0, 0.0, 0.0, -0.0, -0.0, -0.0, 0.0, -0.0, 0.0, 0.0, -0.0]
x_i = [45]
y = [0.367674, 0.153212, 0.269647, 0.165599, 0.0438685]
lambda = [0.416194, 0.325334, 0.213222, 0.0375444, 0.00770578]
M_pos = Array{Int64,1}[[35, 93], [2, 66], [25, 66, 75], [2, 75], [6, 66]]
P_pos = Array{Int64,1}[[2, 48, 93], [1, 6, 7, 54, 75], [2, 36, 48, 66, 84, 92], [2, 12, 25, 34, 91, 92], [2, 16, 35, 48, 92]]
M_set = Array{Int64,1}[[4], [35, 45, 92], [93], [6, 75], [36], [35, 36], [45, 66, 75], [2, 35, 45], [25, 75, 92], [6, 25, 45], [35, 93], [2, 66], [2, 92], [45, 75, 92], [2, 25, 45], [1, 35, 45], [25, 66, 75], [2, 75], [6, 66]]
P_set = Array{Int64,1}[[2, 48, 93], [2, 15, 35, 45, 92], [1, 6, 7, 54, 75], [2, 36, 48, 66, 84, 92], [2, 12, 25, 34, 91, 92], [2, 16, 35, 48, 92]]
Node count = 1.0
MIPGAP_root = 100.0
