dataSet = N30_d10_
Phase 8a
Started at = 15:26:21
ins = 65
theta = 0.03865726676210846
totalTime = 169.89018201828003
t_RowGen = 129.009323301
n_RowGen = 31
t_ColGen = 3.836004606
n_ColGen = 23
x = [0.0, 0.0, 1.0, 0.0, 1.0, 0.0, -0.0, 0.0, -0.0, 0.0, -0.0, 0.0, -0.0, 0.0, 0.0, 0.0, 0.0, -0.0, 0.0, -0.0, 0.0, 0.0, -0.0, 0.0, 0.0, 0.0, 0.0, -0.0, -0.0, -0.0, -0.0, 0.0, -0.0, -0.0, -0.0, -0.0, 0.0, -0.0, 0.0, -0.0, -0.0, -0.0, 0.0, -0.0, -0.0, 0.0, 0.0, -0.0, -0.0, 0.0, 0.0, -0.0, 0.0, -0.0, -0.0, -0.0, 0.0, 0.0, -0.0, 0.0, -0.0, 0.0, 0.0, 0.0, 0.0, -0.0, -0.0, -0.0, 0.0, 0.0, 0.0, -0.0, 0.0, -0.0, 0.0, -0.0, -0.0, -0.0, -0.0, 1.0, 0.0, -0.0, -0.0, 0.0, -0.0, 0.0, -0.0, -0.0, 0.0, 0.0]
x_i = [3, 5, 80]
y = [0.878903, 0.111143, 0.00995325]
lambda = [0.500929, 0.0671323, 0.431938]
M_pos = Array{Int64,1}[[1, 12, 43, 71], [1, 12, 46], [46, 71]]
P_pos = Array{Int64,1}[[2, 33, 71], [1, 4, 12, 17, 73], [1, 17, 46, 71, 75]]
M_set = Array{Int64,1}[[3], [1, 12, 73], [1, 43, 71], [1, 12, 43], [1, 12, 72, 81], [12, 43, 71, 81], [43, 72], [1, 12, 43, 81], [1, 12, 43, 71], [1, 43, 71, 81], [1, 46], [1, 12, 46], [1, 10, 71], [1, 12, 71, 81, 83], [1, 71, 72], [71, 73], [1, 12, 71, 72], [1, 16, 71, 72], [71, 72, 81], [1, 71, 72, 81], [12, 71, 72, 81], [46, 71]]
P_set = Array{Int64,1}[[2, 33, 71], [1, 4, 12, 17, 73], [3, 21, 43, 72, 80], [1, 17, 46, 71, 75], [3, 12, 20, 72, 80], [3, 33, 71, 72, 81], [3, 71, 72, 83], [1, 4, 10, 17, 21, 43, 60, 73, 80], [1, 5, 17, 21, 43, 73], [1, 17, 21, 25, 43, 44, 60, 75, 80], [1, 4, 12, 16, 35], [1, 5, 16, 21, 35, 43], [3, 5, 21, 29, 35, 43, 72, 81], [1, 5, 18, 21, 35, 43, 78]]
Node count = 1.0
MIPGAP_root = 100.0
