dataSet = N30_d10_
Phase 8a
Started at = 15:26:05
ins = 27
theta = 0.005010893942582504
totalTime = 326.0191400051117
t_RowGen = 284.937761508
n_RowGen = 23
t_ColGen = 3.816457412
n_ColGen = 21
x = [0.0, 1.0, 1.0, 0.0, 0.0, 0.0, -0.0, 0.0, 1.0, 0.0, -0.0, 0.0, -0.0, 0.0, 0.0, 0.0, -0.0, -0.0, 0.0, 0.0, -0.0, 0.0, -0.0, 0.0, -0.0, -0.0, 0.0, -0.0, 0.0, -0.0, 0.0, 0.0, 0.0, -0.0, 0.0, -0.0, -0.0, 0.0, -0.0, -0.0, -0.0, 0.0, 0.0, -0.0, 0.0, -0.0, 0.0, 0.0, 0.0, 0.0, -0.0, -0.0, 0.0, -0.0, 0.0, 0.0, 0.0, -0.0, 0.0, -0.0, 0.0, -0.0, -0.0, -0.0, -0.0, -0.0, 0.0, -0.0, -0.0, -0.0, 0.0, -0.0, 0.0, -0.0, -0.0, 0.0, -0.0, -0.0, 0.0, -0.0, 0.0, -0.0, 0.0, -0.0, 0.0, 0.0, 0.0, -0.0, 0.0, -0.0, 0.0, 0.0]
x_i = [2, 3, 9]
y = [0.554334, 0.13834, 0.307327]
lambda = [0.802528, 0.104393, 0.0930786]
M_pos = Array{Int64,1}[[6, 76], [5, 6, 39], [5, 6, 8]]
P_pos = Array{Int64,1}[[1, 5, 6, 12, 36, 61], [1, 8, 12, 24, 32, 56, 61, 76, 80], [1, 12, 32, 39, 64, 68, 76, 80]]
M_set = Array{Int64,1}[[2], [80], [5, 6], [12, 78], [6, 76], [5, 6, 39], [50], [5, 50], [3, 6, 39], [3, 6, 8], [5, 6, 8], [3, 6, 78], [5, 6, 78], [28, 42, 68], [28, 39, 42, 74], [42, 61, 74], [74, 80], [39, 50], [3, 76], [17, 39, 50], [34, 76]]
P_set = Array{Int64,1}[[3, 50, 89], [2, 9, 12, 65, 80], [2, 5, 6, 12, 36, 65], [2, 5, 9, 12, 36, 65, 78], [1, 5, 6, 12, 36, 61], [1, 9, 12, 61, 80], [2, 12, 32, 39, 68, 76, 80], [1, 8, 12, 24, 32, 56, 61, 76, 80], [1, 12, 32, 39, 64, 68, 76, 80], [2, 5, 12, 32, 36, 39, 68, 76, 78], [2, 9, 12, 28, 42, 57, 68, 80], [2, 9, 12, 32, 39, 52, 68, 74, 80], [2, 12, 17, 26, 30, 34, 39, 68, 80]]
Node count = 1.0
MIPGAP_root = 100.0
