dataSet = N40_d10_
Phase 8a
Started at = 15:38:56
ins = 23
theta = 0.2717538881523943
totalTime = 114.7355568408966
t_RowGen = 74.359258831
n_RowGen = 6
t_ColGen = 3.382499863
n_ColGen = 5
x = [0.0, -0.0, 1.0, 0.0, -0.0, 0.0, 0.0, 0.0, -0.0, 0.0, 0.0, -0.0, 0.0, -0.0, 0.0, -0.0, -0.0, 0.0, 0.0, -0.0, 0.0, 0.0, 0.0, 0.0, -0.0, -0.0, -0.0, -0.0, -0.0, -0.0, 0.0, 0.0, -0.0, 0.0, 0.0, -0.0, -0.0, -0.0, -0.0, -0.0, 0.0, -0.0, 0.0, -0.0, -0.0, 0.0, -0.0, -0.0, 0.0, -0.0, 0.0, -0.0, 1.0, -0.0, -0.0, -0.0, 0.0, 0.0, -0.0, -0.0, -0.0, -0.0, 0.0, -0.0, 0.0, 0.0, -0.0, 0.0, 0.0, -0.0, -0.0, -0.0, -0.0, -0.0, -0.0, -0.0, -0.0, 0.0, 0.0, -0.0, -0.0, -0.0, 0.0, -0.0, 0.0, 0.0, 0.0, 0.0, 0.0, 0.0, 0.0, 0.0, -0.0, -0.0, -0.0, -0.0, -0.0, 0.0, -0.0, 0.0, -0.0, 0.0, 0.0, -0.0, 0.0, -0.0, 0.0, -0.0, 0.0, -0.0, -0.0, -0.0, 0.0, -0.0, 0.0, 0.0, 0.0, -0.0, -0.0, -0.0, 0.0, 0.0, 0.0, 0.0, 0.0, -0.0, -0.0, -0.0, -0.0, 0.0, 0.0, -0.0, 0.0, -0.0, -0.0, 0.0, -0.0, 0.0, -0.0, 0.0, 0.0, 0.0, -0.0, 0.0, 0.0, -0.0, 0.0, -0.0, 0.0, 0.0, -0.0, -0.0, -0.0, -0.0, 0.0, -0.0, -0.0, 0.0, -0.0, 0.0, -0.0, -0.0]
x_i = [3, 53]
y = [0.911165, 0.0888351]
lambda = [0.821009, 0.178991]
M_pos = Array{Int64,1}[[4], [13]]
P_pos = Array{Int64,1}[[4], [1, 13, 101]]
M_set = Array{Int64,1}[[2], [3, 14, 53], [4], [4, 14], [1, 11, 53], [1, 3, 53], [4, 53], [13]]
P_set = Array{Int64,1}[[4], [3, 14, 53, 161], [3, 16, 53, 63, 161], [1, 11, 53], [1, 13, 101]]
Node count = 1.0
MIPGAP_root = 84.48744345732871
