dataSet = N40_d10_
Phase 8a
Started at = 15:39:01
ins = 36
theta = 0.10330741051581604
totalTime = 4557.173079967499
t_RowGen = 4516.690138915
n_RowGen = 10
t_ColGen = 3.522203715
n_ColGen = 10
x = [-0.0, -0.0, 0.0, -0.0, -0.0, 0.0, -0.0, -0.0, -0.0, 0.0, -0.0, -0.0, 0.0, 0.0, 0.0, 1.0, 0.0, 0.0, -0.0, -0.0, 0.0, -0.0, -0.0, -0.0, 0.0, -0.0, 0.0, -0.0, 0.0, 0.0, 0.0, 0.0, -0.0, 0.0, 0.0, 0.0, 0.0, 0.0, -0.0, -0.0, -0.0, -0.0, 0.0, 0.0, -0.0, 0.0, -0.0, -0.0, -0.0, -0.0, 0.0, 0.0, 0.0, -0.0, -0.0, 0.0, 0.0, -0.0, -0.0, 0.0, -0.0, -0.0, 0.0, 0.0, -0.0, 0.0, 0.0, 0.0, -0.0, -0.0, 0.0, 0.0, 0.0, -0.0, -0.0, 0.0, 0.0, 0.0, 0.0, 0.0, 0.0, 0.0, -0.0, -0.0, -0.0, 0.0, -0.0, -0.0, -0.0, -0.0, 0.0, 0.0, -0.0, 0.0, -0.0, -0.0, 0.0, -0.0, 1.0, 0.0, -0.0, -0.0, -0.0, 0.0, -0.0, -0.0, -0.0, -0.0, 0.0, -0.0, -0.0, 0.0, 0.0, 0.0, 0.0, 0.0, 0.0, 0.0, 0.0, -0.0, 0.0, -0.0, 0.0, 0.0, -0.0, 0.0, -0.0, -0.0, 0.0, -0.0, 0.0, 0.0, 0.0, -0.0, 0.0, -0.0, 0.0, 0.0, 1.0, -0.0, -0.0, 0.0, 1.0, 0.0, -0.0, 0.0, -0.0, -0.0, -0.0, 0.0, -0.0, -0.0, 0.0, 0.0, 0.0, 0.0, 0.0, -0.0, 0.0, -0.0, 0.0, 0.0, 0.0, 0.0, 0.0, 0.0, -0.0, 0.0]
x_i = [16, 99, 139, 143]
y = [0.965245, 0.0347553]
lambda = [0.897885, 0.102115]
M_pos = Array{Int64,1}[[3, 144], [31, 135]]
P_pos = Array{Int64,1}[[3, 31, 123, 135, 144], [3, 145]]
M_set = Array{Int64,1}[[1], [123], [3, 144], [2, 99], [2, 144], [3, 99], [145], [31, 135]]
P_set = Array{Int64,1}[[3, 139, 144], [3, 123, 143], [2, 99, 123], [2, 16, 97, 105, 123, 166], [3, 31, 123, 135, 144], [3, 145]]
Node count = 0.0
MIPGAP_root = 100.0
