dataSet = N40_d10_
Phase 8a
Started at = 15:39:17
ins = 71
theta = 0.13025386378787798
totalTime = 61726.212954998016
t_RowGen = 61685.690904932
n_RowGen = 14
t_ColGen = 3.485305268
n_ColGen = 13
x = [0.0, 0.0, -0.0, 0.0, -0.0, 0.0, 0.0, -0.0, -0.0, -0.0, 0.0, -0.0, -0.0, 0.0, 0.0, 0.0, 0.0, 0.0, -0.0, -0.0, -0.0, -0.0, -0.0, 0.0, 0.0, 0.0, 0.0, 0.0, -0.0, -0.0, 0.0, 0.0, -0.0, 0.0, 0.0, -0.0, -0.0, -0.0, -0.0, 0.0, -0.0, -0.0, -0.0, 0.0, 0.0, -0.0, -0.0, -0.0, -0.0, -0.0, 0.0, -0.0, 0.0, 0.0, 0.0, -0.0, 0.0, 0.0, -0.0, -0.0, -0.0, -0.0, -0.0, -0.0, 0.0, 0.0, 0.0, 0.0, -0.0, -0.0, 0.0, -0.0, 0.0, -0.0, 0.0, -0.0, -0.0, 0.0, 0.0, 0.0, -0.0, 0.0, 0.0, -0.0, 0.0, -0.0, 0.0, -0.0, -0.0, -0.0, -0.0, -0.0, 0.0, -0.0, -0.0, -0.0, 0.0, 0.0, -0.0, 0.0, -0.0, -0.0, -0.0, -0.0, 0.0, 0.0, -0.0, 0.0, -0.0, -0.0, -0.0, -0.0, 0.0, 0.0, -0.0, 0.0, 0.0, 0.0, 0.0, 1.0, -0.0, 0.0, 0.0, 0.0, 1.0, 0.0, -0.0, 0.0, 0.0, 0.0, 0.0, -0.0, -0.0, 0.0, 0.0, -0.0, -0.0, 0.0, 0.0, 0.0, 0.0, 0.0, -0.0, 0.0, 0.0, 0.0, 0.0, -0.0, -0.0, -0.0, -0.0, -0.0, -0.0, -0.0, -0.0, 0.0, 0.0, -0.0]
x_i = [120, 125]
y = [0.379488, 0.064129, 0.556383]
lambda = [0.290248, 0.392465, 0.317287]
M_pos = Array{Int64,1}[[36, 70], [3, 70, 82], [1, 70, 82]]
P_pos = Array{Int64,1}[[3, 55, 70, 154], [2, 9, 36, 82], [1, 28, 107]]
M_set = Array{Int64,1}[[3], [4, 120], [3, 70, 154], [70, 120, 154], [3, 120], [4, 70, 120], [56], [70, 116, 154], [3, 125], [70, 125, 154], [36, 82], [70, 82, 125], [28], [28, 70], [36, 70], [3, 70, 82], [1, 70, 82], [70, 82, 116], [28, 82]]
P_set = Array{Int64,1}[[4, 120], [3, 55, 70, 154], [3, 56, 125], [4, 56, 116, 125], [4, 55, 70, 116, 154], [2, 9, 36, 82], [1, 28, 107]]
Node count = 1.0
MIPGAP_root = 100.0
