dataSet = N30_d10_
Phase 8a
Started at = 10:28:49
ins = 66
theta = 0.04319516079410237
totalTime = 61.158305168151855
t_RowGen = 19.413827014
n_RowGen = 29
t_ColGen = 3.848037886
n_ColGen = 25
x = [0.0, 1.0, 0.0, -0.0, 0.0, 0.0, 0.0, 0.0, 0.0, 0.0, 0.0, 0.0, 0.0, 0.0, -0.0, -0.0, 0.0, 0.0, -0.0, 0.0, -0.0, 0.0, 0.0, 0.0, 0.0, -0.0, 0.0, 0.0, 0.0, 0.0, -0.0, 0.0, -0.0, 0.0, -0.0, 0.0, -0.0, 0.0, 0.0, -0.0, -0.0, 0.0, -0.0, 0.0, 0.0, 0.0, 0.0, -0.0, 0.0, -0.0, 0.0, -0.0, -0.0, -0.0, -0.0, -0.0, 0.0, -0.0, 0.0, -0.0, -0.0, -0.0, 0.0, -0.0, -0.0, 0.0, -0.0, 0.0, 0.0, -0.0, -0.0, -0.0, -0.0, -0.0, 0.0, -0.0, 0.0, 0.0, -0.0, 0.0, 0.0, -0.0, -0.0, -0.0, 0.0, 0.0, -0.0, 0.0, 1.0, -0.0, -0.0, 0.0]
x_i = [2, 89]
y = [0.808003, 0.0840184, 0.107978]
lambda = [0.191792, 0.0308914, 0.777317]
M_pos = Array{Int64,1}[[29], [57, 92], [5, 65]]
P_pos = Array{Int64,1}[[1, 10, 29], [5, 10, 29, 86], [4, 60, 65, 92]]
M_set = Array{Int64,1}[[2], [29], [5, 12, 82], [56, 89], [42, 57, 82, 89], [5, 42, 82, 89], [45, 89], [1, 82], [2, 82], [2, 57, 89], [1, 42, 89], [5, 79, 82, 89], [5, 42, 57, 82, 89], [2, 42, 89], [5, 57, 79, 82], [1, 57, 89], [57, 92], [2, 42, 57], [5, 42, 57, 79], [1, 42, 57], [66, 82, 89], [5, 65], [89, 92]]
P_set = Array{Int64,1}[[1, 10, 29], [5, 10, 29, 86], [2, 45, 82, 89], [5, 12, 82, 86, 89], [2, 42, 56, 89], [2, 42, 57, 92], [2, 17, 29, 45, 79], [5, 8, 10, 25, 86, 89], [1, 8, 10, 25, 89], [2, 44, 60, 65, 92], [4, 66, 82, 89], [4, 17, 29, 66, 79], [4, 60, 65, 92], [2, 10, 29, 44, 58, 65]]
Node count = 1.0
MIPGAP_root = 30.90250890006262
dataSet = N30_d10_
Phase 8a
Started at = 10:36:05
ins = 66
theta = 0.04319516079410237
totalTime = 60.50292897224426
t_RowGen = 19.187157298
n_RowGen = 29
t_ColGen = 3.920982491
n_ColGen = 25
x = [0.0, 1.0, 0.0, -0.0, 0.0, 0.0, 0.0, 0.0, 0.0, 0.0, 0.0, 0.0, 0.0, 0.0, -0.0, -0.0, 0.0, 0.0, -0.0, 0.0, -0.0, 0.0, 0.0, 0.0, 0.0, -0.0, 0.0, 0.0, 0.0, 0.0, -0.0, 0.0, -0.0, 0.0, -0.0, 0.0, -0.0, 0.0, 0.0, -0.0, -0.0, 0.0, -0.0, 0.0, 0.0, 0.0, 0.0, -0.0, 0.0, -0.0, 0.0, -0.0, -0.0, -0.0, -0.0, -0.0, 0.0, -0.0, 0.0, -0.0, -0.0, -0.0, 0.0, -0.0, -0.0, 0.0, -0.0, 0.0, 0.0, -0.0, -0.0, -0.0, -0.0, -0.0, 0.0, -0.0, 0.0, 0.0, -0.0, 0.0, 0.0, -0.0, -0.0, -0.0, 0.0, 0.0, -0.0, 0.0, 1.0, -0.0, -0.0, 0.0]
x_i = [2, 89]
y = [0.808003, 0.0840184, 0.107978]
lambda = [0.191792, 0.0308914, 0.777317]
M_pos = Array{Int64,1}[[29], [57, 92], [5, 65]]
P_pos = Array{Int64,1}[[1, 10, 29], [5, 10, 29, 86], [4, 60, 65, 92]]
M_set = Array{Int64,1}[[2], [29], [5, 12, 82], [56, 89], [42, 57, 82, 89], [5, 42, 82, 89], [45, 89], [1, 82], [2, 82], [2, 57, 89], [1, 42, 89], [5, 79, 82, 89], [5, 42, 57, 82, 89], [2, 42, 89], [5, 57, 79, 82], [1, 57, 89], [57, 92], [2, 42, 57], [5, 42, 57, 79], [1, 42, 57], [66, 82, 89], [5, 65], [89, 92]]
P_set = Array{Int64,1}[[1, 10, 29], [5, 10, 29, 86], [2, 45, 82, 89], [5, 12, 82, 86, 89], [2, 42, 56, 89], [2, 42, 57, 92], [2, 17, 29, 45, 79], [5, 8, 10, 25, 86, 89], [1, 8, 10, 25, 89], [2, 44, 60, 65, 92], [4, 66, 82, 89], [4, 17, 29, 66, 79], [4, 60, 65, 92], [2, 10, 29, 44, 58, 65]]
Node count = 1.0
MIPGAP_root = 30.90250890006262
