dataSet = N30_d10_
Phase 8a
Started at = 10:29:33
ins = 93
theta = 0.004435185626040537
totalTime = 1717.8200631141663
t_RowGen = 1673.055999288
n_RowGen = 94
t_ColGen = 6.668547676
n_ColGen = 80
x = [-0.0, 0.0, 1.0, -0.0, -0.0, 0.0, 0.0, -0.0, -0.0, 0.0, 0.0, 0.0, 0.0, -0.0, 0.0, 0.0, -0.0, -0.0, -0.0, 0.0, 0.0, 0.0, -0.0, -0.0, 0.0, 0.0, 0.0, 0.0, 0.0, -0.0, 0.0, 0.0, -0.0, -0.0, -0.0, 0.0, -0.0, 0.0, 0.0, 1.0, -0.0, -0.0, -0.0, -0.0, 0.0, -0.0, -0.0, -0.0, 0.0, -0.0, 0.0, -0.0, 0.0, 0.0, -0.0, -0.0, 0.0, -0.0, 0.0, -0.0, 0.0, -0.0, 0.0, -0.0, 0.0, -0.0, 0.0, -0.0, 0.0, -0.0, 0.0, 0.0, -0.0, -0.0, 0.0, 0.0, -0.0, -0.0, 0.0, -0.0, 0.0, 0.0, 1.0, 0.0, 0.0, 0.0]
x_i = [3, 40, 83]
y = [0.196953, 0.155117, 0.21372, 0.113685, 0.110902, 0.209623]
lambda = [0.423502, 0.36045, 0.0822453, 0.092729, 0.0390302, 0.00204337]
M_pos = Array{Int64,1}[[6, 42, 63], [24, 42, 51, 55, 63], [6, 55, 63], [29, 41, 42, 55, 63], [29, 42, 51, 55, 63], [2, 42, 63]]
P_pos = Array{Int64,1}[[2, 6, 7, 63], [2, 19, 23, 29, 41, 51, 55, 60, 64, 73], [2, 6, 20, 29, 35, 41, 61, 64, 80, 86], [2, 4, 31, 35, 42, 45, 51, 57, 61, 64], [1, 6, 19, 24, 29, 35, 57, 61], [1, 6, 20, 29, 35, 61, 80, 86]]
M_set = Array{Int64,1}[[1], [38, 40, 72], [3, 35, 68], [3, 40, 51, 66], [6, 68], [6, 40], [3, 38, 40, 66], [3, 38, 40, 51], [40, 66, 72], [40, 51, 72], [3, 35, 40], [6, 51], [3, 40, 51, 68], [3, 38, 66, 68], [3, 27, 63, 66], [3, 42, 66, 68], [3, 42, 63, 66, 68], [3, 63, 83], [6, 66], [3, 38, 63, 66], [3, 29, 63, 66, 68], [3, 38, 42, 63, 66], [3, 51, 66, 68], [3, 29, 38, 42, 66], [3, 27, 29, 66], [3, 29, 42, 66, 68], [3, 42, 66, 72], [3, 35, 66], [6, 38], [40, 68, 72], [3, 6, 63], [3, 6, 42], [9, 40], [2, 40], [3, 35, 63, 66], [3, 42, 51, 63, 66], [3, 35, 63, 68], [3, 35, 42, 63], [3, 35, 72], [3, 63, 66, 72], [3, 40, 42, 51], [40, 51, 63, 66], [9, 51], [9, 63], [6, 42, 63], [42, 83], [29, 63, 83], [6, 29, 42], [6, 29, 63], [24, 42, 51, 55, 63], [35, 42, 55, 63], [6, 55, 63], [29, 41, 42, 55, 63], [7, 55, 63], [7, 42, 63], [2, 55, 63], [29, 42, 51, 55, 63], [2, 42, 63], [40, 42, 51, 63], [40, 42, 73], [38, 40, 51, 63], [1, 29, 42, 51, 63], [1, 6], [27, 42, 66], [3, 27, 51, 63], [3, 63, 66, 73]]
P_set = Array{Int64,1}[[2, 12, 40, 51, 64, 73], [2, 6, 12, 38, 40, 64, 72, 83], [3, 6, 35, 61, 68, 80], [3, 27, 51, 66, 73], [2, 6, 9, 40, 64], [3, 6, 38, 61, 68, 80, 83], [2, 6, 12, 35, 40, 64, 72], [2, 6, 31, 38, 42, 45, 57, 61, 64, 83], [3, 6, 27, 38, 66, 72, 83], [2, 6, 7, 63], [2, 6, 31, 35, 42, 45, 57, 61, 64], [2, 6, 20, 29, 41, 64, 83], [3, 6, 27, 35, 66, 72], [2, 6, 8, 38, 57, 61, 63, 83], [2, 6, 8, 35, 57, 61, 63], [3, 27, 36, 51, 61, 68, 73, 80], [3, 6, 38, 68, 72, 81, 83], [3, 6, 28, 66, 83], [3, 6, 35, 68, 72, 81], [3, 51, 68, 73, 81], [2, 6, 12, 35, 40, 61, 64, 75, 80], [3, 6, 27, 35, 61, 66, 75, 80], [2, 19, 23, 29, 41, 51, 55, 60, 64, 73], [2, 6, 19, 24, 29, 35, 41, 57, 61, 64], [2, 6, 20, 29, 35, 41, 61, 64, 80, 86], [2, 4, 31, 35, 42, 45, 51, 57, 61, 64], [1, 6, 19, 24, 29, 35, 57, 61], [1, 6, 20, 29, 35, 61, 80, 86], [2, 4, 20, 29, 41, 51, 64, 83], [2, 6, 12, 38, 40, 61, 64, 75, 80, 83], [1, 19, 23, 29, 51, 55, 60, 73], [1, 6, 20, 29, 83], [1, 4, 20, 29, 51, 83], [2, 4, 31, 38, 42, 45, 51, 57, 61, 64, 83]]
Node count = 1.0
MIPGAP_root = 100.0
