dataSet = N30_d10_
Phase 8a
Started at = 10:28:43
ins = 61
theta = 0.0010600771729305674
totalTime = 78.04708099365234
t_RowGen = 35.824824471
n_RowGen = 49
t_ColGen = 4.236921454
n_ColGen = 44
x = [0.0, -0.0, 0.0, -0.0, 0.0, -0.0, 0.0, -0.0, 0.0, 0.0, -0.0, 0.0, -0.0, -0.0, -0.0, 0.0, -0.0, 0.0, 0.0, -0.0, 0.0, -0.0, -0.0, 1.0, -0.0, 0.0, -0.0, -0.0, 0.0, -0.0, 0.0, 0.0, 0.0, -0.0, -0.0, 0.0, 1.0, 0.0, -0.0, 0.0, -0.0, -0.0, 0.0, 0.0, 0.0, 1.0, 0.0, 0.0, 0.0, -0.0, -0.0, 0.0, 0.0, 0.0, 1.0, 0.0, -0.0, -0.0, -0.0, 0.0, 0.0, -0.0, 1.0, 0.0, -0.0, 0.0, -0.0, -0.0, -0.0, -0.0, 0.0, 0.0, 0.0, 0.0, 0.0, -0.0, -0.0, 0.0, 0.0, 0.0, -0.0, 0.0, -0.0, -0.0, 0.0]
x_i = [24, 37, 46, 55, 63]
y = [0.080013, 0.650088, 0.0463973, 0.223501]
lambda = [0.0558151, 0.137422, 0.331145, 0.475619]
M_pos = Array{Int64,1}[[20, 55, 56, 67, 70], [20, 28], [20, 47, 67, 70], [28, 67, 70]]
P_pos = Array{Int64,1}[[3, 28, 40, 42, 56, 70], [2, 28, 40, 70], [1, 19, 20], [3, 41, 47, 67]]
M_set = Array{Int64,1}[[2], [4, 81], [3, 41], [4, 41, 81], [4, 56, 70], [4, 41, 56], [4, 41, 70], [41, 56, 70], [4, 28], [4, 24, 70, 81], [4, 56, 81], [4, 55, 67, 70, 81], [4, 24, 55, 70, 81], [4, 24, 56, 70], [28, 70], [3, 41, 70], [1, 20], [20, 55, 56, 67, 71], [20, 55, 56, 67, 70], [28, 55], [24, 28, 67], [20, 28], [20, 24, 33, 70], [24, 28, 70], [20, 24, 55, 56, 70], [10, 28], [28, 67, 71], [20, 47, 67, 70], [10, 20, 47, 70], [10, 20, 56, 67, 70], [28, 67, 70], [46, 70], [4, 20, 42], [4, 42, 70], [4, 20, 70, 81], [4, 71, 81]]
P_set = Array{Int64,1}[[4, 63, 85], [4, 19, 63, 81], [3, 19, 41, 46], [3, 28, 40, 42, 56, 70], [2, 28, 40, 70], [2, 24, 33, 40, 70], [3, 24, 33, 40, 42, 56, 70], [3, 36, 40, 42, 55, 56, 67, 71], [1, 19, 20], [3, 41, 47, 67], [3, 10, 33, 37, 40, 42, 56, 71, 72, 76], [1, 19, 21, 46], [3, 13, 28, 42, 58, 68, 70], [3, 6, 11, 28, 34, 40, 42, 56, 71], [2, 6, 11, 28, 34, 40, 71], [3, 6, 11, 28, 42, 58, 68]]
Node count = 1.0
MIPGAP_root = 100.0
dataSet = N30_d10_
Phase 8a
Started at = 10:35:45
ins = 61
theta = 0.0010600771729305674
totalTime = 76.53699493408203
t_RowGen = 34.984321767
n_RowGen = 49
t_ColGen = 4.296150942
n_ColGen = 44
x = [0.0, -0.0, 0.0, -0.0, 0.0, -0.0, 0.0, -0.0, 0.0, 0.0, -0.0, 0.0, -0.0, -0.0, -0.0, 0.0, -0.0, 0.0, 0.0, -0.0, 0.0, -0.0, -0.0, 1.0, -0.0, 0.0, -0.0, -0.0, 0.0, -0.0, 0.0, 0.0, 0.0, -0.0, -0.0, 0.0, 1.0, 0.0, -0.0, 0.0, -0.0, -0.0, 0.0, 0.0, 0.0, 1.0, 0.0, 0.0, 0.0, -0.0, -0.0, 0.0, 0.0, 0.0, 1.0, 0.0, -0.0, -0.0, -0.0, 0.0, 0.0, -0.0, 1.0, 0.0, -0.0, 0.0, -0.0, -0.0, -0.0, -0.0, 0.0, 0.0, 0.0, 0.0, 0.0, -0.0, -0.0, 0.0, 0.0, 0.0, -0.0, 0.0, -0.0, -0.0, 0.0]
x_i = [24, 37, 46, 55, 63]
y = [0.080013, 0.650088, 0.0463973, 0.223501]
lambda = [0.0558151, 0.137422, 0.331145, 0.475619]
M_pos = Array{Int64,1}[[20, 55, 56, 67, 70], [20, 28], [20, 47, 67, 70], [28, 67, 70]]
P_pos = Array{Int64,1}[[3, 28, 40, 42, 56, 70], [2, 28, 40, 70], [1, 19, 20], [3, 41, 47, 67]]
M_set = Array{Int64,1}[[2], [4, 81], [3, 41], [4, 41, 81], [4, 56, 70], [4, 41, 56], [4, 41, 70], [41, 56, 70], [4, 28], [4, 24, 70, 81], [4, 56, 81], [4, 55, 67, 70, 81], [4, 24, 55, 70, 81], [4, 24, 56, 70], [28, 70], [3, 41, 70], [1, 20], [20, 55, 56, 67, 71], [20, 55, 56, 67, 70], [28, 55], [24, 28, 67], [20, 28], [20, 24, 33, 70], [24, 28, 70], [20, 24, 55, 56, 70], [10, 28], [28, 67, 71], [20, 47, 67, 70], [10, 20, 47, 70], [10, 20, 56, 67, 70], [28, 67, 70], [46, 70], [4, 20, 42], [4, 42, 70], [4, 20, 70, 81], [4, 71, 81]]
P_set = Array{Int64,1}[[4, 63, 85], [4, 19, 63, 81], [3, 19, 41, 46], [3, 28, 40, 42, 56, 70], [2, 28, 40, 70], [2, 24, 33, 40, 70], [3, 24, 33, 40, 42, 56, 70], [3, 36, 40, 42, 55, 56, 67, 71], [1, 19, 20], [3, 41, 47, 67], [3, 10, 33, 37, 40, 42, 56, 71, 72, 76], [1, 19, 21, 46], [3, 13, 28, 42, 58, 68, 70], [3, 6, 11, 28, 34, 40, 42, 56, 71], [2, 6, 11, 28, 34, 40, 71], [3, 6, 11, 28, 42, 58, 68]]
Node count = 1.0
MIPGAP_root = 100.0
