dataSet = N30_d10_
Phase 8a
Started at = 10:28:18
ins = 59
theta = 0.04070304662970548
totalTime = 737.842845916748
t_RowGen = 695.501250649
n_RowGen = 45
t_ColGen = 4.464271211
n_ColGen = 37
x = [-0.0, 1.0, 0.0, -0.0, 0.0, -0.0, 0.0, 0.0, -0.0, -0.0, -0.0, -0.0, 0.0, 0.0, 0.0, 0.0, -0.0, -0.0, 0.0, 0.0, -0.0, -0.0, 0.0, -0.0, 0.0, 0.0, -0.0, 0.0, -0.0, 0.0, 0.0, -0.0, 0.0, 0.0, -0.0, 0.0, 0.0, 0.0, 0.0, 0.0, 0.0, 0.0, 0.0, -0.0, 0.0, -0.0, 0.0, 0.0, -0.0, 0.0, -0.0, 0.0, 0.0, 0.0, 0.0, -0.0, -0.0, -0.0, 0.0, -0.0, -0.0, 0.0, -0.0, 0.0, -0.0, 0.0, -0.0, 0.0, 0.0, 0.0, -0.0, -0.0, 0.0, -0.0, -0.0, -0.0, 0.0, -0.0, 0.0, -0.0, -0.0, 0.0, -0.0, 0.0, -0.0, -0.0, 0.0, -0.0, 0.0, -0.0, -0.0, 0.0, -0.0, -0.0, 0.0, -0.0, 0.0, -0.0, 0.0, 0.0, -0.0]
x_i = [2]
y = [0.180732, 0.225977, 0.0702907, 0.256685, 0.266316]
lambda = [0.347795, 0.215768, 0.121455, 0.111602, 0.20338]
M_pos = Array{Int64,1}[[9, 10, 36, 73], [10, 11, 73], [9, 10, 32, 73, 75], [9, 10, 73, 74], [9, 10, 11, 32, 75]]
P_pos = Array{Int64,1}[[3, 10, 32, 63, 72, 73], [3, 9, 25, 36, 73], [3, 11, 29, 32, 34, 63, 67, 72, 73], [3, 11, 36, 42, 68, 73], [3, 6, 48, 63, 72, 74]]
M_set = Array{Int64,1}[[1], [10, 32, 73], [36, 42], [2, 32, 34], [10, 42], [2, 9, 10, 32, 36], [6, 11, 32, 36], [6, 10, 11, 32], [2, 6, 10, 36], [2, 10, 11, 32], [6, 9, 36, 58], [36, 68, 73], [2, 9, 11, 32], [2, 11, 32, 36], [9, 10, 11, 36], [2, 32, 36, 73], [10, 68, 73], [2, 10, 32, 73], [2, 10, 32, 68], [2, 6, 9, 32], [2, 9, 32, 68], [2, 32, 36, 68], [9, 42], [2, 6, 9, 36], [9, 10, 36, 68], [10, 32, 36, 68], [9, 10, 36, 73], [10, 11, 73], [6, 10, 32, 73], [9, 10, 32, 73, 75], [9, 10, 11, 74], [9, 10, 73, 74], [9, 10, 11, 32], [9, 10, 11, 32, 75], [2, 6, 11], [6, 36, 68]]
P_set = Array{Int64,1}[[2, 36, 42, 68], [3, 10, 32, 63, 72, 73], [2, 29, 32, 34, 63, 67, 72], [3, 9, 25, 36, 73], [3, 6, 11, 45, 63, 68, 72, 73, 77, 92], [3, 11, 29, 32, 34, 63, 67, 72, 73], [3, 9, 27, 58, 72, 73], [2, 6, 45, 63, 68, 72, 77, 92], [3, 11, 36, 42, 68, 73], [3, 11, 45, 68, 72, 73, 91], [2, 45, 68, 72, 91], [3, 10, 32, 36, 62, 73], [2, 29, 32, 34, 36, 62, 67], [3, 11, 29, 32, 34, 36, 62, 67, 73], [3, 6, 48, 63, 72, 74], [3, 58, 66, 72, 75], [3, 11, 13, 17, 40, 45, 63, 68, 72, 73, 87]]
Node count = 1.0
MIPGAP_root = 100.0
