dataSet = N30_d10_
Phase 8a
Started at = 10:27:30
ins = 13
theta = 0.03342583841294104
totalTime = 1351.3934569358826
t_RowGen = 1307.328811008
n_RowGen = 71
t_ColGen = 6.156639724
n_ColGen = 65
x = [-0.0, -0.0, 0.0, 0.0, 0.0, 0.0, -0.0, 0.0, 0.0, -0.0, 0.0, 0.0, -0.0, 0.0, 0.0, 0.0, 0.0, 0.0, 0.0, -0.0, 0.0, 0.0, 0.0, 0.0, 0.0, 0.0, 0.0, 0.0, -0.0, 0.0, 0.0, 0.0, 0.0, 0.0, 0.0, 0.0, 0.0, 0.0, 0.0, 0.0, 0.0, -0.0, 0.0, 0.0, 0.0, 0.0, -0.0, 1.0, 0.0, -0.0, 0.0, -0.0, 0.0, 0.0, 0.0, 0.0, 0.0, -0.0, -0.0, 0.0, 0.0, 0.0, 0.0, 0.0, -0.0, 0.0, 0.0, 0.0, 0.0, 0.0, 0.0, 0.0, 0.0, 0.0, 0.0, 0.0, 0.0, -0.0, 0.0, -0.0, 0.0, 0.0, 0.0, 0.0, -0.0, -0.0, -0.0, 0.0, 1.0, 0.0, 0.0]
x_i = [48, 89]
y = [0.286923, 0.2736, 0.439478]
lambda = [0.17132, 0.237063, 0.591617]
M_pos = Array{Int64,1}[[4], [5, 23, 43, 86], [1, 43, 59]]
P_pos = Array{Int64,1}[[4, 36, 43, 59, 86], [4, 23, 36, 43, 59, 85], [1, 12, 23, 36, 43, 59, 70]]
M_set = Array{Int64,1}[[1], [2, 54], [4], [43, 54, 86], [2, 5, 86], [1, 2], [2, 5, 43, 54], [5, 54, 86], [1, 54], [1, 5, 59], [2, 5, 43, 48], [5, 43, 59, 86], [5, 48, 86], [43, 48, 86], [5, 23, 49], [5, 23, 43, 86], [5, 23, 43, 48], [43, 49, 59], [5, 49, 59], [5, 43, 72], [5, 30, 59], [5, 23, 43, 54], [5, 23, 54, 73], [49, 54], [5, 43, 48, 54], [1, 48], [23, 48, 59], [1, 43, 59], [5, 23, 43, 59], [1, 5, 23], [23, 43, 49], [5, 35, 43, 54], [1, 5, 35], [89], [1, 5, 43], [23, 43, 54, 73], [23, 54, 59], [5, 35, 43, 48]]
P_set = Array{Int64,1}[[3, 43, 59], [2, 6, 26, 48, 54], [4, 36, 43, 59, 86], [1, 11, 29, 43, 66, 75, 82, 89], [2, 5, 26, 48, 49], [4, 23, 36, 43, 59, 85], [4, 45, 48, 87], [1, 12, 23, 36, 43, 59, 70], [1, 11, 43, 65, 67], [1, 11, 29, 43, 66, 72, 82], [1, 11, 30, 43, 59, 66, 75, 82, 89], [1, 11, 48, 49, 51, 66, 73, 82], [4, 29, 35, 43, 86], [4, 29, 38, 43, 86, 89]]
Node count = 5.0
MIPGAP_root = 100.0
