dataSet = N30_d10_
Phase 8a
Started at = 10:28:16
ins = 51
theta = 0.04140274870987557
totalTime = 127.77191305160522
t_RowGen = 85.582351017
n_RowGen = 31
t_ColGen = 4.250940923
n_ColGen = 29
x = [-0.0, 0.0, -0.0, -0.0, -0.0, -0.0, -0.0, 1.0, 0.0, 0.0, -0.0, 0.0, -0.0, 0.0, 0.0, 0.0, 0.0, 0.0, -0.0, 0.0, 1.0, 1.0, -0.0, 0.0, -0.0, 0.0, 0.0, 0.0, 0.0, 0.0, -0.0, 0.0, -0.0, 0.0, -0.0, -0.0, 0.0, 0.0, 0.0, 0.0, 0.0, 0.0, 0.0, -0.0, 0.0, 0.0, -0.0, -0.0, -0.0, 0.0, 0.0, -0.0, 0.0, -0.0, 0.0, -0.0, -0.0, -0.0, 1.0, -0.0, 0.0, -0.0, -0.0, 0.0, -0.0, -0.0, -0.0, -0.0, 0.0, -0.0, 0.0, 0.0, -0.0, -0.0, 0.0, 0.0, 0.0, -0.0, -0.0, -0.0, 0.0, 0.0, -0.0, 0.0, -0.0, -0.0, -0.0, 0.0, -0.0, 0.0, 0.0, -0.0, 0.0, -0.0, 0.0, -0.0, 0.0, 0.0]
x_i = [8, 21, 22, 59]
y = [0.0184674, 0.0555934, 0.0340005, 0.891939]
lambda = [0.0159334, 0.191632, 0.479524, 0.312911]
M_pos = Array{Int64,1}[[18, 49, 60], [60, 72], [9, 18], [49, 60, 88]]
P_pos = Array{Int64,1}[[5, 60, 87], [5, 20, 33, 49, 56, 87], [4, 9, 72, 88], [5, 18, 20, 32, 36, 56, 87]]
M_set = Array{Int64,1}[[1], [60, 87], [22], [18, 59], [18, 60], [21], [60, 98], [18, 49, 60], [9, 88], [60, 72], [9, 18], [49, 72], [8, 18, 88], [49, 60, 88], [33, 49, 60], [18, 87], [8, 18, 60], [4, 60], [71, 90], [9, 90], [4, 10], [56], [49, 98], [8, 18, 49]]
P_set = Array{Int64,1}[[5, 60, 87], [5, 22, 56, 87], [5, 18, 50, 59, 87, 93], [5, 21, 56, 87, 98], [5, 20, 33, 49, 56, 87], [4, 9, 72, 88], [4, 8, 72, 88, 98], [5, 18, 20, 32, 36, 56, 87], [5, 9, 53, 59, 72, 87, 88, 93], [5, 8, 53, 59, 72, 87, 88, 93, 98], [4, 10, 22, 71], [4, 10, 20, 34, 60, 71, 86, 87], [4, 10, 21, 71, 98], [4, 21, 72, 90, 98], [4, 22, 72, 90], [4, 20, 34, 60, 72, 86, 87, 90]]
Node count = 1.0
MIPGAP_root = 41.25346966555874
dataSet = N30_d10_
Phase 8a
Started at = 10:34:30
ins = 51
theta = 0.04140274870987557
totalTime = 131.29589200019836
t_RowGen = 89.413556023
n_RowGen = 31
t_ColGen = 4.478855253
n_ColGen = 29
x = [-0.0, 0.0, -0.0, -0.0, -0.0, -0.0, -0.0, 1.0, 0.0, 0.0, -0.0, 0.0, -0.0, 0.0, 0.0, 0.0, 0.0, 0.0, -0.0, 0.0, 1.0, 1.0, -0.0, 0.0, -0.0, 0.0, 0.0, 0.0, 0.0, 0.0, -0.0, 0.0, -0.0, 0.0, -0.0, -0.0, 0.0, 0.0, 0.0, 0.0, 0.0, 0.0, 0.0, -0.0, 0.0, 0.0, -0.0, -0.0, -0.0, 0.0, 0.0, -0.0, 0.0, -0.0, 0.0, -0.0, -0.0, -0.0, 1.0, -0.0, 0.0, -0.0, -0.0, 0.0, -0.0, -0.0, -0.0, -0.0, 0.0, -0.0, 0.0, 0.0, -0.0, -0.0, 0.0, 0.0, 0.0, -0.0, -0.0, -0.0, 0.0, 0.0, -0.0, 0.0, -0.0, -0.0, -0.0, 0.0, -0.0, 0.0, 0.0, -0.0, 0.0, -0.0, 0.0, -0.0, 0.0, 0.0]
x_i = [8, 21, 22, 59]
y = [0.0184674, 0.0555934, 0.0340005, 0.891939]
lambda = [0.0159334, 0.191632, 0.479524, 0.312911]
M_pos = Array{Int64,1}[[18, 49, 60], [60, 72], [9, 18], [49, 60, 88]]
P_pos = Array{Int64,1}[[5, 60, 87], [5, 20, 33, 49, 56, 87], [4, 9, 72, 88], [5, 18, 20, 32, 36, 56, 87]]
M_set = Array{Int64,1}[[1], [60, 87], [22], [18, 59], [18, 60], [21], [60, 98], [18, 49, 60], [9, 88], [60, 72], [9, 18], [49, 72], [8, 18, 88], [49, 60, 88], [33, 49, 60], [18, 87], [8, 18, 60], [4, 60], [71, 90], [9, 90], [4, 10], [56], [49, 98], [8, 18, 49]]
P_set = Array{Int64,1}[[5, 60, 87], [5, 22, 56, 87], [5, 18, 50, 59, 87, 93], [5, 21, 56, 87, 98], [5, 20, 33, 49, 56, 87], [4, 9, 72, 88], [4, 8, 72, 88, 98], [5, 18, 20, 32, 36, 56, 87], [5, 9, 53, 59, 72, 87, 88, 93], [5, 8, 53, 59, 72, 87, 88, 93, 98], [4, 10, 22, 71], [4, 10, 20, 34, 60, 71, 86, 87], [4, 10, 21, 71, 98], [4, 21, 72, 90, 98], [4, 22, 72, 90], [4, 20, 34, 60, 72, 86, 87, 90]]
Node count = 1.0
MIPGAP_root = 41.25346966555874
