dataSet = N40_d10_
Phase 8a
Started at = 19:20:21
ins = 87
theta = 0.14869651440583903
totalTime = 149.83451509475708
t_RowGen = 108.789490778
n_RowGen = 5
t_ColGen = 3.336130522
n_ColGen = 5
x = [0.0, 0.0, -0.0, 0.0, 0.0, -0.0, 0.0, 0.0, -0.0, 0.0, 0.0, -0.0, 0.0, -0.0, 0.0, 0.0, 0.0, 0.0, 0.0, 0.0, 0.0, 0.0, -0.0, 0.0, -0.0, 0.0, -0.0, 0.0, -0.0, 0.0, -0.0, -0.0, 0.0, 0.0, 0.0, 0.0, -0.0, 0.0, -0.0, -0.0, -0.0, 0.0, -0.0, -0.0, -0.0, 0.0, 0.0, 0.0, 0.0, 0.0, 0.0, -0.0, 0.0, -0.0, 1.0, -0.0, 0.0, 0.0, -0.0, -0.0, -0.0, 0.0, 0.0, 0.0, 0.0, -0.0, 0.0, 0.0, 0.0, -0.0, 0.0, 0.0, 0.0, -0.0, -0.0, 0.0, 0.0, 0.0, 0.0, -0.0, 0.0, -0.0, 0.0, -0.0, 0.0, 0.0, 0.0, 0.0, 0.0, 0.0, 0.0, -0.0, 0.0, 0.0, 0.0, 0.0, -0.0, -0.0, -0.0, -0.0, 0.0, 0.0, 0.0, 0.0, 0.0, -0.0, 0.0, 0.0, 0.0, -0.0, -0.0, 0.0, -0.0, 0.0, -0.0, 0.0, -0.0, -0.0, 0.0, 0.0, -0.0, -0.0, 0.0, 0.0, 0.0, 0.0, -0.0, 0.0, 0.0, -0.0, 0.0, 0.0, -0.0, -0.0, -0.0, -0.0, 0.0]
x_i = [55]
y = [0.271741, 0.728259]
lambda = [0.622629, 0.377371]
M_pos = Array{Int64,1}[[34, 54], [1, 12, 34]]
P_pos = Array{Int64,1}[[2, 12, 34, 54, 58, 76], [1, 18, 104]]
M_set = Array{Int64,1}[[3], [34, 54], [55], [104], [17], [1, 12, 34], [34, 58], [34, 55], [34, 104]]
P_set = Array{Int64,1}[[2, 12, 61, 76, 134], [2, 12, 34, 54, 58, 76], [2, 55, 58, 76], [1, 18, 104], [1, 12, 17, 29, 76, 91, 106]]
Node count = 0.0
MIPGAP_root = 100.0
dataSet = N40_d10_
Phase 8a
Started at = 10:50:48
ins = 87
theta = 0.14869651440583903
totalTime = 149.40635299682617
t_RowGen = 108.820164984
n_RowGen = 5
t_ColGen = 3.323098866
n_ColGen = 5
x = [0.0, 0.0, -0.0, 0.0, 0.0, -0.0, 0.0, 0.0, -0.0, 0.0, 0.0, -0.0, 0.0, -0.0, 0.0, 0.0, 0.0, 0.0, 0.0, 0.0, 0.0, 0.0, -0.0, 0.0, -0.0, 0.0, -0.0, 0.0, -0.0, 0.0, -0.0, -0.0, 0.0, 0.0, 0.0, 0.0, -0.0, 0.0, -0.0, -0.0, -0.0, 0.0, -0.0, -0.0, -0.0, 0.0, 0.0, 0.0, 0.0, 0.0, 0.0, -0.0, 0.0, -0.0, 1.0, -0.0, 0.0, 0.0, -0.0, -0.0, -0.0, 0.0, 0.0, 0.0, 0.0, -0.0, 0.0, 0.0, 0.0, -0.0, 0.0, 0.0, 0.0, -0.0, -0.0, 0.0, 0.0, 0.0, 0.0, -0.0, 0.0, -0.0, 0.0, -0.0, 0.0, 0.0, 0.0, 0.0, 0.0, 0.0, 0.0, -0.0, 0.0, 0.0, 0.0, 0.0, -0.0, -0.0, -0.0, -0.0, 0.0, 0.0, 0.0, 0.0, 0.0, -0.0, 0.0, 0.0, 0.0, -0.0, -0.0, 0.0, -0.0, 0.0, -0.0, 0.0, -0.0, -0.0, 0.0, 0.0, -0.0, -0.0, 0.0, 0.0, 0.0, 0.0, -0.0, 0.0, 0.0, -0.0, 0.0, 0.0, -0.0, -0.0, -0.0, -0.0, 0.0]
x_i = [55]
y = [0.271741, 0.728259]
lambda = [0.622629, 0.377371]
M_pos = Array{Int64,1}[[34, 54], [1, 12, 34]]
P_pos = Array{Int64,1}[[2, 12, 34, 54, 58, 76], [1, 18, 104]]
M_set = Array{Int64,1}[[3], [34, 54], [55], [104], [17], [1, 12, 34], [34, 58], [34, 55], [34, 104]]
P_set = Array{Int64,1}[[2, 12, 61, 76, 134], [2, 12, 34, 54, 58, 76], [2, 55, 58, 76], [1, 18, 104], [1, 12, 17, 29, 76, 91, 106]]
Node count = 0.0
MIPGAP_root = 100.0
