dataSet = N10_d40_
ins = 1
theta = 0.020000000000000018
totalTime = 2.703000068664551
t_RowGen = 1.395992903
n_RowGen = 24
t_ColGen = 0.210763296
n_ColGen = 19
x = [1.0, -0.0, -0.0, 0.0, -0.0, 0.0, -0.0, -0.0, 0.0, -0.0, -0.0, -0.0, -0.0, 0.0, 0.0, -0.0, -0.0, -0.0, -0.0, -0.0, 0.0, -0.0, 0.0, 0.0, 0.0, -0.0, 0.0, 0.0, 0.0, 0.0, -0.0, -0.0, -0.0, -0.0, -0.0, -0.0, -0.0]
x_i = [1]
y = Any[]
M_pos = Array{Int64,1}[]
M_set = Array{Int64,1}[[1], [4], [11], [8], [3, 7, 24], [1, 3, 4, 7, 24], [4, 18], [3, 4, 7, 18, 24], [4, 13], [3, 13, 19, 24], [3, 4, 19, 24], [4, 21], [3, 24, 27], [3, 4, 18, 21, 24], [4, 35], [3, 4, 18, 23], [3, 4, 18, 19]]
P_set = Array{Int64,1}[[4], [1, 11], [1, 7, 8], [3, 7, 24], [2, 11, 18], [2, 11, 13, 19], [2, 11, 21, 27], [2, 11, 23, 35], [2, 7, 12, 19], [2, 7, 17]]
Node count = 0.0
MIPGAP_root = 0
