dataSet = N10_d10_
ins = 3
theta = 0.0003010379999999809
totalTime = 1.5309998989105225
t_RowGen = 0.2533439
n_RowGen = 16
t_ColGen = 0.196618699
n_ColGen = 15
x = [0.0, -0.0, 0.0, -0.0, -0.0, 1.0, -0.0, 0.0, 0.0, 0.0, -0.0, -0.0, 0.0, 0.0, -0.0, -0.0, 0.0, 0.0, 1.0, 0.0, -0.0]
x_i = [6, 19]
y = Any[]
M_pos = Array{Int64,1}[]
M_set = Array{Int64,1}[[2], [1, 21], [3, 16, 19], [1, 3, 21], [1, 5, 11], [1, 3, 4, 11, 16], [2, 4], [2, 3, 16], [4, 19], [11, 21], [3, 4, 16, 21], [1, 3, 4, 5], [1, 3, 5, 16]]
P_set = Array{Int64,1}[[3, 8, 16, 19], [1, 6, 15, 21], [2, 8, 10, 19], [1, 4, 5, 11, 15], [1, 4, 5, 8, 10, 19], [2, 11, 15]]
Node count = 1.0
MIPGAP_root = 0
