dataSet = N20_d20_
ins = 4
theta = 0.12215904029999997
totalTime = 11.888000011444092
t_RowGen = 10.7047475
n_RowGen = 10
t_ColGen = 0.1617739
n_ColGen = 9
x = [-0.0, 0.0, -0.0, -0.0, 0.0, -0.0, -0.0, -0.0, -0.0, -0.0, 0.0, -0.0, 0.0, -0.0, 0.0, -0.0, 0.0, 0.0, 0.0, 0.0, -0.0, 0.0, -0.0, 0.0, -0.0, 0.0, -0.0, -0.0, -0.0, -0.0, 0.0, -0.0, 0.0, 0.0, 0.0, -0.0, 0.0, -0.0, 0.0, -0.0, 0.0, -0.0, 0.0, 0.0, 0.0, 0.0, 0.0, 0.0, -0.0, -0.0, 0.0, -0.0, 0.0, 0.0, -0.0, -0.0, -0.0, 0.0, 0.0, -0.0, -0.0, 0.0, -0.0, 0.0, 0.0, 0.0, -0.0, -0.0, 1.0, 0.0, 0.0, 0.0, -0.0, 0.0, 0.0, 0.0, 0.0, -0.0, 0.0, -0.0, -0.0]
x_i = [69]
y = Any[]
M_pos = Array{Int64,1}[]
M_set = Array{Int64,1}[[1], [59], [69], [2], [2, 33]]
P_set = Array{Int64,1}[[3, 51], [2, 35, 43, 59], [2, 35, 44, 69], [1, 15, 33, 69, 75]]
Node count = 0.0
MIPGAP_root = 0
