dataSet = N20_d20_
ins = 2
theta = 0.031250336748580104
totalTime = 20.64199995994568
t_RowGen = 4.053745603
n_RowGen = 36
t_ColGen = 1.6135002
n_ColGen = 27
x = [0.0, -0.0, 0.0, -0.0, 1.0, -0.0, 0.0, -0.0, 0.0, -0.0, 1.0, 0.0, 0.0, 0.0, -0.0, 0.0, 0.0, -0.0, 0.0, -0.0, -0.0, 0.0, 0.0, 0.0, 0.0, -0.0, 0.0, -0.0, 0.0, -0.0, 0.0, -0.0, -0.0, -0.0, -0.0, 0.0, -0.0, -0.0, 0.0, -0.0, -0.0, -0.0, 1.0, 0.0, -0.0, 0.0, -0.0, 0.0, 0.0, -0.0, -0.0, 0.0, -0.0, -0.0, -0.0, 0.0, -0.0, 0.0]
x_i = [5, 11, 43]
y = Any[]
M_pos = Array{Int64,1}[]
M_set = Array{Int64,1}[[2], [5], [3, 11, 39], [1, 27], [2, 3, 27, 39], [1, 3, 11], [1, 2, 3], [4], [3, 4], [3, 11, 27, 39], [3, 14], [2, 3, 11, 39], [29, 39]]
P_set = Array{Int64,1}[[5], [3, 11, 13, 39], [1, 14, 17, 27, 32], [2, 17, 27, 32], [1, 11, 13], [4, 43, 47, 48], [3, 14, 17, 27, 32, 39], [2, 29, 33], [1, 14, 29, 33], [3, 14, 29, 33, 39]]
Node count = 1.0
MIPGAP_root = 0
