dataSet = N20_d20_
ins = 3
theta = 0.01200744999999999
totalTime = 50.501999855041504
t_RowGen = 33.890864103
n_RowGen = 28
t_ColGen = 1.651926297
n_ColGen = 23
x = [0.0, 1.0, -0.0, 0.0, 0.0, -0.0, 0.0, -0.0, 0.0, 0.0, -0.0, 0.0, 0.0, -0.0, 1.0, 0.0, -0.0, 0.0, 0.0, 0.0, -0.0, 0.0, 0.0, 0.0, -0.0, -0.0, -0.0, -0.0, 0.0, 0.0, -0.0, 0.0, -0.0, 0.0, -0.0, 0.0, 0.0, 0.0, 0.0, 0.0, 0.0, 1.0, 0.0, 0.0, -0.0, -0.0, 0.0, 0.0, 0.0, 0.0, 0.0, -0.0, -0.0, 0.0, -0.0, 0.0, 0.0, -0.0, 0.0, 0.0, -0.0, -0.0, 0.0, 0.0, -0.0, -0.0, 0.0, 0.0, 0.0, 0.0]
x_i = [2, 15, 42]
y = Any[]
M_pos = Array{Int64,1}[]
M_set = Array{Int64,1}[[2], [42], [43, 59], [42, 43], [39], [1], [1, 43], [51], [39, 43], [1, 18], [1, 18, 43], [18, 39], [6, 18, 43]]
P_set = Array{Int64,1}[[2, 19, 39], [4, 42, 59], [4, 43, 59, 64], [1, 6, 13, 15, 45, 51, 59, 64], [2, 6, 13, 18, 45, 51, 59, 64], [5, 59, 64]]
Node count = 0.0
MIPGAP_root = 0
