dataSet = N40_d10_
Phase 8a
Started at = 17:20:18
ins = 142
theta = 0.14902687102835957
totalTime = 3109.5434930324554
t_RowGen = 3073.304614753
n_RowGen = 14
t_ColGen = 3.587991211
n_ColGen = 11
x = [0.0, 0.0, 0.0, -0.0, 0.0, -0.0, -0.0, -0.0, -0.0, -0.0, 0.0, -0.0, -0.0, 0.0, -0.0, 0.0, -0.0, 1.0, -0.0, -0.0, -0.0, -0.0, -0.0, 0.0, -0.0, -0.0, -0.0, -0.0, -0.0, -0.0, 0.0, 0.0, -0.0, 0.0, 0.0, -0.0, 0.0, 0.0, -0.0, -0.0, 0.0, 0.0, 0.0, 0.0, -0.0, 0.0, 0.0, -0.0, -0.0, 0.0, 0.0, 0.0, 0.0, 0.0, 0.0, 0.0, 0.0, 0.0, 0.0, -0.0, -0.0, -0.0, 0.0, -0.0, -0.0, -0.0, -0.0, 0.0, 0.0, -0.0, -0.0, 0.0, -0.0, 0.0, 0.0, 0.0, 0.0, -0.0, 0.0, -0.0, 0.0, -0.0, 0.0, 0.0, 0.0, 0.0, 0.0, 0.0, -0.0, 0.0, 0.0, -0.0, -0.0, -0.0, -0.0, -0.0, -0.0, 0.0, -0.0, 0.0, -0.0, 0.0, 0.0, -0.0, -0.0, -0.0, -0.0, -0.0, 0.0, 0.0, 0.0, -0.0, -0.0, -0.0, -0.0, -0.0, -0.0, 0.0, 0.0, 0.0, 0.0, 0.0, -0.0, 0.0, 0.0, -0.0, -0.0, 0.0, 0.0, 0.0, -0.0, -0.0, 0.0, -0.0, 0.0, -0.0, 0.0, 0.0, 0.0, -0.0, -0.0, 0.0, 0.0, -0.0, 0.0, 0.0, 0.0, 0.0, -0.0, -0.0, 0.0, -0.0, -0.0, -0.0, -0.0]
x_i = [18]
y = [0.57532, 0.42468]
lambda = [0.848402, 0.151598]
M_pos = Array{Int64,1}[[2, 110], [98, 143]]
P_pos = Array{Int64,1}[[2, 14, 79, 98], [2, 77, 81, 110, 125]]
M_set = Array{Int64,1}[[4], [98], [2, 143], [2, 110], [98, 143]]
P_set = Array{Int64,1}[[2, 14, 79, 98], [2, 77, 79, 102, 143], [2, 77, 81, 110, 125], [2, 14, 18, 81, 108]]
Node count = 0.0
MIPGAP_root = 100.0
dataSet = N40_d10_
Phase 8a
Started at = 19:26:28
ins = 142
theta = 0.14902687102835957
totalTime = 3120.2448608875275
t_RowGen = 3084.149721032
n_RowGen = 14
t_ColGen = 3.481139771
n_ColGen = 11
x = [0.0, 0.0, 0.0, -0.0, 0.0, -0.0, -0.0, -0.0, -0.0, -0.0, 0.0, -0.0, -0.0, 0.0, -0.0, 0.0, -0.0, 1.0, -0.0, -0.0, -0.0, -0.0, -0.0, 0.0, -0.0, -0.0, -0.0, -0.0, -0.0, -0.0, 0.0, 0.0, -0.0, 0.0, 0.0, -0.0, 0.0, 0.0, -0.0, -0.0, 0.0, 0.0, 0.0, 0.0, -0.0, 0.0, 0.0, -0.0, -0.0, 0.0, 0.0, 0.0, 0.0, 0.0, 0.0, 0.0, 0.0, 0.0, 0.0, -0.0, -0.0, -0.0, 0.0, -0.0, -0.0, -0.0, -0.0, 0.0, 0.0, -0.0, -0.0, 0.0, -0.0, 0.0, 0.0, 0.0, 0.0, -0.0, 0.0, -0.0, 0.0, -0.0, 0.0, 0.0, 0.0, 0.0, 0.0, 0.0, -0.0, 0.0, 0.0, -0.0, -0.0, -0.0, -0.0, -0.0, -0.0, 0.0, -0.0, 0.0, -0.0, 0.0, 0.0, -0.0, -0.0, -0.0, -0.0, -0.0, 0.0, 0.0, 0.0, -0.0, -0.0, -0.0, -0.0, -0.0, -0.0, 0.0, 0.0, 0.0, 0.0, 0.0, -0.0, 0.0, 0.0, -0.0, -0.0, 0.0, 0.0, 0.0, -0.0, -0.0, 0.0, -0.0, 0.0, -0.0, 0.0, 0.0, 0.0, -0.0, -0.0, 0.0, 0.0, -0.0, 0.0, 0.0, 0.0, 0.0, -0.0, -0.0, 0.0, -0.0, -0.0, -0.0, -0.0]
x_i = [18]
y = [0.57532, 0.42468]
lambda = [0.848402, 0.151598]
M_pos = Array{Int64,1}[[2, 110], [98, 143]]
P_pos = Array{Int64,1}[[2, 14, 79, 98], [2, 77, 81, 110, 125]]
M_set = Array{Int64,1}[[4], [98], [2, 143], [2, 110], [98, 143]]
P_set = Array{Int64,1}[[2, 14, 79, 98], [2, 77, 79, 102, 143], [2, 77, 81, 110, 125], [2, 14, 18, 81, 108]]
Node count = 0.0
MIPGAP_root = 100.0
