dataSet = N40_d10_
Phase 8a
Started at = 17:20:11
ins = 127
theta = 0.0013522155359999997
totalTime = 343.286945104599
t_RowGen = 306.972331768
n_RowGen = 12
t_ColGen = 3.563332067
n_ColGen = 10
x = [0.0, 0.0, -0.0, 0.0, 0.0, 0.0, 0.0, -0.0, -0.0, 0.0, 0.0, 0.0, 0.0, 0.0, 0.0, -0.0, 0.0, -0.0, 0.0, -0.0, 0.0, 0.0, 0.0, -0.0, 0.0, 0.0, 0.0, 0.0, 0.0, -0.0, 0.0, -0.0, 0.0, -0.0, 0.0, 0.0, 1.0, -0.0, 0.0, 0.0, 0.0, -0.0, 0.0, 0.0, 0.0, 0.0, -0.0, 0.0, 0.0, 0.0, 0.0, 0.0, 0.0, 0.0, -0.0, 0.0, 0.0, 0.0, 0.0, 0.0, 0.0, 0.0, 0.0, 0.0, 0.0, 0.0, 0.0, -0.0, 0.0, 0.0, -0.0, 0.0, 0.0, -0.0, -0.0, -0.0, -0.0, 0.0, 0.0, -0.0, 0.0, 0.0, 0.0, 0.0, -0.0, -0.0, 0.0, 0.0, 0.0, 0.0, -0.0, -0.0, 0.0, 0.0, 0.0, 0.0, -0.0, 0.0, 0.0, 0.0, 0.0, -0.0, 0.0, 0.0, 0.0, -0.0, 0.0, 0.0, 0.0, 0.0, 0.0, 0.0, 0.0, 0.0, -0.0, 0.0, 0.0, 0.0, -0.0, 0.0, 0.0, -0.0, 0.0, 0.0, 0.0, 0.0, -0.0, 0.0, 0.0, -0.0, -0.0, -0.0, 0.0, 0.0, -0.0, 0.0, -0.0, 0.0]
x_i = [37]
y = [1.0]
lambda = [1.0]
M_pos = Array{Int64,1}[[1, 46, 89]]
P_pos = Array{Int64,1}[[1, 35, 40, 46, 72]]
M_set = Array{Int64,1}[[2], [1, 89, 122], [1, 46], [1, 46, 89]]
P_set = Array{Int64,1}[[1, 35, 40, 46, 72], [1, 37, 46, 81, 89, 104, 122], [1, 37, 46, 80, 86, 108]]
Node count = 1.0
MIPGAP_root = 38.46730216616403
dataSet = N40_d10_
Phase 8a
Started at = 19:26:20
ins = 127
theta = 0.0013522155359999997
totalTime = 334.9894959926605
t_RowGen = 298.673368178
n_RowGen = 12
t_ColGen = 3.534836829
n_ColGen = 10
x = [0.0, 0.0, -0.0, 0.0, 0.0, 0.0, 0.0, -0.0, -0.0, 0.0, 0.0, 0.0, 0.0, 0.0, 0.0, -0.0, 0.0, -0.0, 0.0, -0.0, 0.0, 0.0, 0.0, -0.0, 0.0, 0.0, 0.0, 0.0, 0.0, -0.0, 0.0, -0.0, 0.0, -0.0, 0.0, 0.0, 1.0, -0.0, 0.0, 0.0, 0.0, -0.0, 0.0, 0.0, 0.0, 0.0, -0.0, 0.0, 0.0, 0.0, 0.0, 0.0, 0.0, 0.0, -0.0, 0.0, 0.0, 0.0, 0.0, 0.0, 0.0, 0.0, 0.0, 0.0, 0.0, 0.0, 0.0, -0.0, 0.0, 0.0, -0.0, 0.0, 0.0, -0.0, -0.0, -0.0, -0.0, 0.0, 0.0, -0.0, 0.0, 0.0, 0.0, 0.0, -0.0, -0.0, 0.0, 0.0, 0.0, 0.0, -0.0, -0.0, 0.0, 0.0, 0.0, 0.0, -0.0, 0.0, 0.0, 0.0, 0.0, -0.0, 0.0, 0.0, 0.0, -0.0, 0.0, 0.0, 0.0, 0.0, 0.0, 0.0, 0.0, 0.0, -0.0, 0.0, 0.0, 0.0, -0.0, 0.0, 0.0, -0.0, 0.0, 0.0, 0.0, 0.0, -0.0, 0.0, 0.0, -0.0, -0.0, -0.0, 0.0, 0.0, -0.0, 0.0, -0.0, 0.0]
x_i = [37]
y = [1.0]
lambda = [1.0]
M_pos = Array{Int64,1}[[1, 46, 89]]
P_pos = Array{Int64,1}[[1, 35, 40, 46, 72]]
M_set = Array{Int64,1}[[2], [1, 89, 122], [1, 46], [1, 46, 89]]
P_set = Array{Int64,1}[[1, 35, 40, 46, 72], [1, 37, 46, 81, 89, 104, 122], [1, 37, 46, 80, 86, 108]]
Node count = 1.0
MIPGAP_root = 38.46730216616403
