dataSet = N40_d10_
Phase 8a
Started at = 17:20:21
ins = 148
theta = 0.030636
totalTime = 1368.6776621341705
t_RowGen = 1332.668281714
n_RowGen = 20
t_ColGen = 3.682340065
n_ColGen = 17
x = [-0.0, 0.0, 1.0, -0.0, 0.0, 0.0, -0.0, -0.0, -0.0, 0.0, -0.0, -0.0, -0.0, -0.0, -0.0, -0.0, -0.0, -0.0, 0.0, 0.0, 0.0, 0.0, 0.0, 0.0, 0.0, 0.0, 0.0, -0.0, 0.0, -0.0, 0.0, -0.0, -0.0, -0.0, -0.0, 0.0, -0.0, -0.0, -0.0, 0.0, 0.0, 0.0, 0.0, 0.0, -0.0, 0.0, -0.0, -0.0, 0.0, -0.0, 0.0, 0.0, -0.0, -0.0, -0.0, -0.0, -0.0, -0.0, -0.0, -0.0, -0.0, 0.0, 0.0, 0.0, -0.0, -0.0, -0.0, -0.0, -0.0, -0.0, -0.0, -0.0, 0.0, -0.0, -0.0, 0.0, -0.0, 0.0, 0.0, 0.0, -0.0, -0.0, -0.0, 0.0, -0.0, 0.0, -0.0, 0.0, -0.0, -0.0, -0.0, 0.0, -0.0, 0.0, 0.0, -0.0, -0.0, -0.0, 0.0, -0.0, 0.0, -0.0, 0.0, -0.0, 0.0, 0.0, -0.0, 0.0, -0.0, -0.0, 0.0, -0.0, -0.0, -0.0, -0.0, -0.0, -0.0, 0.0, 0.0, 0.0, 0.0, -0.0, -0.0, -0.0, -0.0, 0.0, -0.0, -0.0, -0.0, -0.0, 0.0, 0.0, 0.0, -0.0, -0.0, -0.0, -0.0, -0.0, 0.0, -0.0, -0.0, -0.0, -0.0, -0.0, 0.0]
x_i = [3]
y = [0.0801426, 0.919857]
lambda = [1.0]
M_pos = Array{Int64,1}[[106], [1, 34, 106]]
P_pos = Array{Int64,1}[[2, 106]]
M_set = Array{Int64,1}[[1], [87, 130], [1, 87, 130], [89, 112], [106], [87, 89, 106], [1, 89, 106], [1, 87, 89], [1, 87, 89, 106], [1, 34], [1, 34, 106]]
P_set = Array{Int64,1}[[2, 106], [3, 87, 130], [1, 31, 34, 49, 96, 99, 112], [3, 31, 40, 49, 89, 96, 99, 112, 128]]
Node count = 0.0
MIPGAP_root = 100.0
dataSet = N40_d10_
Phase 8a
Started at = 19:26:30
ins = 148
theta = 0.030636
totalTime = 1362.4636588096619
t_RowGen = 1326.254747007
n_RowGen = 20
t_ColGen = 3.678585919
n_ColGen = 17
x = [-0.0, 0.0, 1.0, -0.0, 0.0, 0.0, -0.0, -0.0, -0.0, 0.0, -0.0, -0.0, -0.0, -0.0, -0.0, -0.0, -0.0, -0.0, 0.0, 0.0, 0.0, 0.0, 0.0, 0.0, 0.0, 0.0, 0.0, -0.0, 0.0, -0.0, 0.0, -0.0, -0.0, -0.0, -0.0, 0.0, -0.0, -0.0, -0.0, 0.0, 0.0, 0.0, 0.0, 0.0, -0.0, 0.0, -0.0, -0.0, 0.0, -0.0, 0.0, 0.0, -0.0, -0.0, -0.0, -0.0, -0.0, -0.0, -0.0, -0.0, -0.0, 0.0, 0.0, 0.0, -0.0, -0.0, -0.0, -0.0, -0.0, -0.0, -0.0, -0.0, 0.0, -0.0, -0.0, 0.0, -0.0, 0.0, 0.0, 0.0, -0.0, -0.0, -0.0, 0.0, -0.0, 0.0, -0.0, 0.0, -0.0, -0.0, -0.0, 0.0, -0.0, 0.0, 0.0, -0.0, -0.0, -0.0, 0.0, -0.0, 0.0, -0.0, 0.0, -0.0, 0.0, 0.0, -0.0, 0.0, -0.0, -0.0, 0.0, -0.0, -0.0, -0.0, -0.0, -0.0, -0.0, 0.0, 0.0, 0.0, 0.0, -0.0, -0.0, -0.0, -0.0, 0.0, -0.0, -0.0, -0.0, -0.0, 0.0, 0.0, 0.0, -0.0, -0.0, -0.0, -0.0, -0.0, 0.0, -0.0, -0.0, -0.0, -0.0, -0.0, 0.0]
x_i = [3]
y = [0.0801426, 0.919857]
lambda = [1.0]
M_pos = Array{Int64,1}[[106], [1, 34, 106]]
P_pos = Array{Int64,1}[[2, 106]]
M_set = Array{Int64,1}[[1], [87, 130], [1, 87, 130], [89, 112], [106], [87, 89, 106], [1, 89, 106], [1, 87, 89], [1, 87, 89, 106], [1, 34], [1, 34, 106]]
P_set = Array{Int64,1}[[2, 106], [3, 87, 130], [1, 31, 34, 49, 96, 99, 112], [3, 31, 40, 49, 89, 96, 99, 112, 128]]
Node count = 0.0
MIPGAP_root = 100.0
