dataSet = N40_d10_
Phase 8a
Started at = 15:14:26
ins = 79
theta = 0.08565113325525087
totalTime = 615.3926310539246
t_RowGen = 579.271116574
n_RowGen = 13
t_ColGen = 3.570419112
n_ColGen = 11
x = [0.0, 0.0, -0.0, -0.0, 0.0, -0.0, -0.0, -0.0, 0.0, -0.0, 0.0, 1.0, 0.0, 0.0, -0.0, 0.0, 0.0, 0.0, 0.0, 0.0, 0.0, 0.0, 0.0, 0.0, -0.0, -0.0, 0.0, -0.0, -0.0, 0.0, 0.0, -0.0, 0.0, -0.0, 0.0, -0.0, 0.0, -0.0, 0.0, 0.0, -0.0, 0.0, 0.0, -0.0, 0.0, 0.0, 0.0, 0.0, 0.0, 0.0, 0.0, 0.0, 0.0, 0.0, 0.0, -0.0, 0.0, 0.0, -0.0, -0.0, -0.0, 0.0, -0.0, 0.0, 0.0, 0.0, -0.0, 0.0, -0.0, -0.0, -0.0, 0.0, -0.0, 0.0, 0.0, -0.0, -0.0, 0.0, 0.0, 0.0, 0.0, 0.0, 0.0, 0.0, 0.0, -0.0, 0.0, -0.0, 0.0, 0.0, 0.0, 0.0, 0.0, 0.0, -0.0, -0.0, -0.0, -0.0, 0.0, -0.0, 0.0, 0.0, -0.0, 0.0, -0.0, 0.0, -0.0, 0.0, -0.0, 0.0, 0.0, 0.0, 0.0, 0.0, -0.0, 0.0, 0.0, -0.0, -0.0, 0.0, -0.0, 0.0, -0.0, 0.0, -0.0, 0.0, 0.0, 0.0, 0.0, 0.0, -0.0, -0.0, -0.0, 0.0, -0.0, 0.0, 0.0, 0.0, -0.0, 0.0, 0.0, 0.0]
x_i = [12]
y = [0.510426, 0.489574]
lambda = [0.268283, 0.731717]
M_pos = Array{Int64,1}[[1, 8], [57]]
P_pos = Array{Int64,1}[[1, 8, 19, 51, 134, 142], [1, 19, 57, 134, 142]]
M_set = Array{Int64,1}[[2], [1, 8], [1, 12], [57]]
P_set = Array{Int64,1}[[1, 12, 137], [1, 8, 19, 51, 134, 142], [1, 19, 57, 134, 142]]
Node count = 1.0
MIPGAP_root = 35.651863051079445
dataSet = N40_d10_
Phase 8a
Started at = 22:45:40
ins = 79
theta = 0.08565113325525087
totalTime = 614.8242239952087
t_RowGen = 578.677322929
n_RowGen = 13
t_ColGen = 3.527399036
n_ColGen = 11
x = [0.0, 0.0, -0.0, -0.0, 0.0, -0.0, -0.0, -0.0, 0.0, -0.0, 0.0, 1.0, 0.0, 0.0, -0.0, 0.0, 0.0, 0.0, 0.0, 0.0, 0.0, 0.0, 0.0, 0.0, -0.0, -0.0, 0.0, -0.0, -0.0, 0.0, 0.0, -0.0, 0.0, -0.0, 0.0, -0.0, 0.0, -0.0, 0.0, 0.0, -0.0, 0.0, 0.0, -0.0, 0.0, 0.0, 0.0, 0.0, 0.0, 0.0, 0.0, 0.0, 0.0, 0.0, 0.0, -0.0, 0.0, 0.0, -0.0, -0.0, -0.0, 0.0, -0.0, 0.0, 0.0, 0.0, -0.0, 0.0, -0.0, -0.0, -0.0, 0.0, -0.0, 0.0, 0.0, -0.0, -0.0, 0.0, 0.0, 0.0, 0.0, 0.0, 0.0, 0.0, 0.0, -0.0, 0.0, -0.0, 0.0, 0.0, 0.0, 0.0, 0.0, 0.0, -0.0, -0.0, -0.0, -0.0, 0.0, -0.0, 0.0, 0.0, -0.0, 0.0, -0.0, 0.0, -0.0, 0.0, -0.0, 0.0, 0.0, 0.0, 0.0, 0.0, -0.0, 0.0, 0.0, -0.0, -0.0, 0.0, -0.0, 0.0, -0.0, 0.0, -0.0, 0.0, 0.0, 0.0, 0.0, 0.0, -0.0, -0.0, -0.0, 0.0, -0.0, 0.0, 0.0, 0.0, -0.0, 0.0, 0.0, 0.0]
x_i = [12]
y = [0.510426, 0.489574]
lambda = [0.268283, 0.731717]
M_pos = Array{Int64,1}[[1, 8], [57]]
P_pos = Array{Int64,1}[[1, 8, 19, 51, 134, 142], [1, 19, 57, 134, 142]]
M_set = Array{Int64,1}[[2], [1, 8], [1, 12], [57]]
P_set = Array{Int64,1}[[1, 12, 137], [1, 8, 19, 51, 134, 142], [1, 19, 57, 134, 142]]
Node count = 1.0
MIPGAP_root = 35.651863051079445
