dataSet = N40_d10_
Phase 8a
Started at = 17:20:14
ins = 132
theta = 0.04639299494399998
totalTime = 1130.3773210048676
t_RowGen = 1093.645690631
n_RowGen = 24
t_ColGen = 3.940578645
n_ColGen = 20
x = [1.0, 1.0, 0.0, 0.0, -0.0, -0.0, 1.0, 0.0, -0.0, -0.0, 0.0, -0.0, 0.0, -0.0, -0.0, 0.0, 0.0, -0.0, -0.0, -0.0, 0.0, -0.0, -0.0, -0.0, 0.0, -0.0, 0.0, -0.0, 0.0, -0.0, -0.0, -0.0, 0.0, -0.0, 0.0, -0.0, 0.0, 0.0, -0.0, -0.0, 0.0, 0.0, -0.0, -0.0, 0.0, 0.0, 0.0, -0.0, 0.0, -0.0, -0.0, 0.0, -0.0, -0.0, -0.0, -0.0, 0.0, -0.0, 0.0, 0.0, 0.0, -0.0, -0.0, 0.0, 0.0, 0.0, 0.0, -0.0, 0.0, 0.0, 0.0, 0.0, 0.0, -0.0, 0.0, -0.0, -0.0, 0.0, -0.0, -0.0, -0.0, -0.0, -0.0, -0.0, 0.0, 0.0, 0.0, -0.0, -0.0, -0.0, 0.0, 0.0, 0.0, 0.0, 0.0, 0.0, -0.0, -0.0, 0.0, 0.0, 0.0, 0.0, -0.0, 0.0, 0.0, 0.0, 0.0, -0.0, 0.0, 0.0, 0.0, -0.0, 0.0, 0.0, 0.0, 0.0, -0.0, 0.0, 0.0, -0.0, -0.0, 0.0, 0.0, 0.0, -0.0, 0.0, -0.0, -0.0, 0.0, 0.0, 0.0, 0.0, 0.0, -0.0, 0.0, -0.0, 0.0, -0.0, 0.0, -0.0]
x_i = [1, 2, 7]
y = [1.0]
lambda = [1.0]
M_pos = Array{Int64,1}[[3, 85, 100]]
P_pos = Array{Int64,1}[[3, 85, 100, 139]]
M_set = Array{Int64,1}[[1], [3, 85, 100], [1, 3, 27, 100, 139], [2, 40, 94, 113], [1, 2, 27, 40, 94], [2, 3, 85], [4, 7, 22, 31], [3, 4, 22, 40, 100, 139]]
P_set = Array{Int64,1}[[1, 27, 85], [3, 85, 100, 139], [2, 7, 40, 94, 113], [4, 7, 22, 31, 56, 91, 104, 135], [2, 41, 85, 132, 139]]
Node count = 1.0
MIPGAP_root = 80.16080060479932
dataSet = N40_d10_
Phase 8a
Started at = 19:26:24
ins = 132
theta = 0.04639299494399998
totalTime = 1128.0299921035767
t_RowGen = 1091.556882756
n_RowGen = 24
t_ColGen = 3.828974256
n_ColGen = 20
x = [1.0, 1.0, 0.0, 0.0, -0.0, -0.0, 1.0, 0.0, -0.0, -0.0, 0.0, -0.0, 0.0, -0.0, -0.0, 0.0, 0.0, -0.0, -0.0, -0.0, 0.0, -0.0, -0.0, -0.0, 0.0, -0.0, 0.0, -0.0, 0.0, -0.0, -0.0, -0.0, 0.0, -0.0, 0.0, -0.0, 0.0, 0.0, -0.0, -0.0, 0.0, 0.0, -0.0, -0.0, 0.0, 0.0, 0.0, -0.0, 0.0, -0.0, -0.0, 0.0, -0.0, -0.0, -0.0, -0.0, 0.0, -0.0, 0.0, 0.0, 0.0, -0.0, -0.0, 0.0, 0.0, 0.0, 0.0, -0.0, 0.0, 0.0, 0.0, 0.0, 0.0, -0.0, 0.0, -0.0, -0.0, 0.0, -0.0, -0.0, -0.0, -0.0, -0.0, -0.0, 0.0, 0.0, 0.0, -0.0, -0.0, -0.0, 0.0, 0.0, 0.0, 0.0, 0.0, 0.0, -0.0, -0.0, 0.0, 0.0, 0.0, 0.0, -0.0, 0.0, 0.0, 0.0, 0.0, -0.0, 0.0, 0.0, 0.0, -0.0, 0.0, 0.0, 0.0, 0.0, -0.0, 0.0, 0.0, -0.0, -0.0, 0.0, 0.0, 0.0, -0.0, 0.0, -0.0, -0.0, 0.0, 0.0, 0.0, 0.0, 0.0, -0.0, 0.0, -0.0, 0.0, -0.0, 0.0, -0.0]
x_i = [1, 2, 7]
y = [1.0]
lambda = [1.0]
M_pos = Array{Int64,1}[[3, 85, 100]]
P_pos = Array{Int64,1}[[3, 85, 100, 139]]
M_set = Array{Int64,1}[[1], [3, 85, 100], [1, 3, 27, 100, 139], [2, 40, 94, 113], [1, 2, 27, 40, 94], [2, 3, 85], [4, 7, 22, 31], [3, 4, 22, 40, 100, 139]]
P_set = Array{Int64,1}[[1, 27, 85], [3, 85, 100, 139], [2, 7, 40, 94, 113], [4, 7, 22, 31, 56, 91, 104, 135], [2, 41, 85, 132, 139]]
Node count = 1.0
MIPGAP_root = 80.16080060479932
