dataSet = N10_d40_
ins = 1
theta = 0.5258678864570228
totalTime = 89.96600008010864
x = [-0.0, -0.0, -0.0, -0.0, 1.0, -0.0, -0.0, -0.0, -0.0, -0.0, -0.0, -0.0, -0.0, -0.0, -0.0, -0.0, -0.0, -0.0, -0.0, -0.0, -0.0, -0.0, 0.0, -0.0, -0.0, 0.0, -0.0, 1.0, -0.0, 0.0, -0.0, -0.0, 0.0]
x_i = [5, 28]
y = [0.447741, 0.461258, 0.0910012]
M_pos = Array{Int64,1}[[5], [13, 18, 28], [23, 28]]
M_set = Array{Int64,1}[[1], [2, 20], [5], [4, 30], [3, 16, 28], [3, 13, 18], [18, 20, 30, 33], [13, 20, 28], [19, 30], [28, 30], [18, 28], [4, 18, 20, 30], [20, 28, 30], [13, 18, 30], [13, 18, 20, 30], [18, 20, 28], [6], [9, 20, 23], [7, 12, 20], [3, 20, 27], [2, 16, 20, 30], [17, 20], [13, 20, 23, 30], [13, 20, 24, 30], [20, 21], [7, 9, 20], [4, 13, 20, 27], [7, 20, 27], [9, 13, 20, 27], [13, 20, 28, 30], [18, 20, 27, 30], [2, 20, 27], [7, 18, 20], [2, 9, 20], [18, 20, 24], [13, 16, 18, 20, 27], [2, 18, 20], [9, 13, 18, 20], [9, 18, 20, 27], [3, 18, 20, 33], [13, 18, 20, 30, 33], [3, 18, 20, 30], [19, 20, 30], [18, 19, 20], [4, 20, 28], [3, 20, 28], [9, 18, 20, 30], [15, 18, 20, 30], [16, 18, 20, 23], [3, 20, 23], [4, 20, 23], [2, 13, 16, 20], [13, 15, 18, 20], [4, 13, 18, 20], [3, 13, 18, 20], [13, 16, 18, 20, 33], [16, 18, 20, 28], [13, 16, 18, 20, 30], [16, 18, 20, 24], [18, 28, 30], [13, 18, 28], [12, 13, 18, 30], [3, 4, 13], [3, 4, 30], [13, 19, 30], [13, 18, 24], [3, 13, 20, 30], [13, 20, 27, 30], [3, 4, 20], [23, 28]]
P_set = Array{Int64,1}[[2, 20], [5], [4, 30], [1, 18], [3, 16, 22, 28], [2, 6, 13, 17, 19, 22, 26, 29], [3, 7, 13, 19, 23, 26, 29], [4, 13, 26, 29], [1, 6, 12, 14, 21, 28, 33], [1, 6, 14, 20, 23], [1, 17, 30], [2, 6, 19, 24, 28, 29], [1, 13, 17, 26, 29], [4, 28, 29], [1, 7, 15, 19, 23, 28, 29], [1, 7, 14, 28, 29], [3, 7, 9, 14, 20, 22, 26, 29], [3, 7, 12, 20, 21, 27, 29, 31], [4, 20, 27, 29], [1, 7, 14, 20, 27, 29], [3, 17, 20, 22, 27, 29], [1, 6, 14, 24, 28, 29], [1, 16, 20, 27], [1, 17, 20, 27, 29], [1, 13, 15, 21], [3, 20, 24, 27, 29], [1, 6, 9, 14, 20, 24, 26, 29], [3, 11, 21, 28], [1, 6, 11, 14, 21, 28], [3, 9, 20, 21], [1, 11, 15, 20, 21, 27], [1, 13, 15, 24, 26, 29], [3, 24, 30], [1, 15, 24, 30], [3, 18, 22], [2, 7, 12, 18, 19, 22, 26, 29, 32], [1, 9, 16, 20, 26], [1, 9, 15, 20, 21], [1, 6, 13, 14, 21], [1, 6, 11, 14, 20, 21, 27], [1, 6, 14, 20, 24, 27, 29], [3, 13, 16, 22, 26], [3, 13, 24, 26, 29], [1, 15, 24, 28, 29], [1, 15, 20, 23], [1, 12, 15, 21, 28, 33], [1, 11, 15, 21, 28], [1, 15, 20, 24, 27, 29], [1, 7, 16, 19, 27, 30], [1, 13, 16, 26], [3, 7, 19, 23, 30], [1, 6, 14, 24, 30]]
Node count = 15.0
MIPGAP_root = 0
