dataSet = N30_d10_
Phase 8a
Started at = 15:04:51
ins = 51
theta = 0.04140274870987557
totalTime = 101.8903911113739
t_RowGen = 60.397010442
n_RowGen = 31
t_ColGen = 3.816086654
n_ColGen = 29
x = [-0.0, 0.0, -0.0, -0.0, -0.0, -0.0, -0.0, 1.0, 0.0, 0.0, -0.0, 0.0, -0.0, 0.0, 0.0, 0.0, 0.0, 0.0, -0.0, 0.0, 1.0, 1.0, -0.0, 0.0, -0.0, 0.0, 0.0, 0.0, 0.0, 0.0, -0.0, 0.0, -0.0, 0.0, -0.0, -0.0, 0.0, 0.0, 0.0, 0.0, 0.0, 0.0, 0.0, -0.0, 0.0, 0.0, -0.0, -0.0, -0.0, 0.0, 0.0, -0.0, 0.0, -0.0, 0.0, -0.0, -0.0, -0.0, 1.0, -0.0, 0.0, -0.0, -0.0, 0.0, -0.0, -0.0, -0.0, -0.0, 0.0, -0.0, 0.0, 0.0, -0.0, -0.0, 0.0, 0.0, 0.0, -0.0, -0.0, -0.0, 0.0, 0.0, -0.0, 0.0, -0.0, -0.0, -0.0, 0.0, -0.0, 0.0, 0.0, -0.0, 0.0, -0.0, 0.0, -0.0, 0.0, 0.0]
x_i = [8, 21, 22, 59]
y = [0.0184674, 0.0555934, 0.0340005, 0.891939]
