dataSet = N30_d10_
Phase 8a
Started at = 20:29:33
ins = 38
theta = 0.0315653466194018
totalTime = 503.22952914237976
t_RowGen = 466.074371484
n_RowGen = 54
t_ColGen = 4.420339641
n_ColGen = 42
x = [0.0, -0.0, 0.0, 0.0, -0.0, 0.0, 0.0, -0.0, 0.0, 0.0, 0.0, -0.0, 0.0, -0.0, -0.0, -0.0, 0.0, 0.0, 0.0, -0.0, 0.0, 0.0, 0.0, -0.0, 0.0, -0.0, 0.0, -0.0, 0.0, 0.0, 0.0, 0.0, -0.0, 0.0, 0.0, 0.0, 0.0, -0.0, 0.0, 0.0, -0.0, -0.0, -0.0, -0.0, 0.0, -0.0, 0.0, -0.0, 0.0, 0.0, 0.0, 0.0, 0.0, 0.0, 0.0, -0.0, 0.0, 0.0, -0.0, 0.0, 0.0, 0.0, -0.0, -0.0, 0.0, 0.0, 0.0, -0.0, 0.0, 0.0, 0.0, 0.0, 0.0, 0.0, -0.0, 0.0, -0.0, 0.0, 0.0, 0.0, 0.0, -0.0, 0.0, -0.0, -0.0, 1.0, 0.0, -0.0, 0.0]
x_i = [86]
y = [0.105994, 0.024702, 0.196746, 0.502935, 0.107808, 0.0618158]
lambda = [0.136343, 0.0291, 0.0238817, 0.327665, 0.0678557, 0.415155]
M_pos = Array{Int64,1}[[3], [7, 65], [28, 65, 83], [13, 28, 54, 65], [19, 28, 54, 65], [28, 54, 65, 79]]
P_pos = Array{Int64,1}[[3, 28, 53, 65], [4, 22, 28, 53, 65, 77], [3, 13, 17, 50, 54, 80], [4, 44, 65, 66, 72, 79, 83], [3, 19, 34, 50, 54], [3, 7, 34, 49, 54]]
M_set = Array{Int64,1}[[2], [3], [28, 65, 77], [40, 77], [28, 51, 54, 65], [53, 54, 65], [51, 65, 77, 86], [29, 77], [51, 53], [13, 65, 77, 86], [40, 65, 79], [53, 65, 79], [28, 51, 65, 79], [13, 40], [13, 28, 65, 79], [19, 50, 65], [13, 19, 65, 77], [7, 65], [19, 65, 66], [13, 19, 28, 65], [28, 65, 83], [13, 28, 54, 65], [19, 28, 54, 65], [28, 54, 65, 79], [13, 29, 65], [13, 65, 77, 79], [29, 65, 77]]
P_set = Array{Int64,1}[[5, 65, 83], [3, 28, 53, 65], [4, 22, 28, 53, 65, 77], [3, 24, 40, 51, 54, 86], [3, 29, 53, 86], [4, 22, 24, 40, 51, 54, 77, 86], [2, 24, 40, 51, 86], [3, 13, 17, 50, 54, 80], [4, 22, 29, 53, 77, 86], [4, 44, 65, 66, 72, 79, 83], [3, 19, 34, 50, 54], [3, 7, 34, 49, 54], [4, 13, 17, 22, 50, 54, 77, 80]]
Node count = 4.0
MIPGAP_root = 88.97653054351315
