dataSet = N30_d10_
Phase 8a
Started at = 20:29:43
ins = 63
theta = 0.02744108933653256
totalTime = 642.7470939159393
t_RowGen = 605.831531074
n_RowGen = 48
t_ColGen = 4.078543192
n_ColGen = 35
x = [0.0, 0.0, 0.0, 0.0, 0.0, 0.0, -0.0, 0.0, 0.0, 0.0, 0.0, 0.0, 0.0, -0.0, 0.0, 0.0, 0.0, -0.0, 0.0, 0.0, 0.0, 0.0, 0.0, 0.0, 0.0, 0.0, 0.0, 0.0, 0.0, 0.0, 0.0, 0.0, 0.0, 0.0, 0.0, 0.0, 0.0, 0.0, 0.0, -0.0, 0.0, 1.0, 0.0, -0.0, 0.0, 0.0, 0.0, 0.0, 0.0, -0.0, 0.0, 0.0, 0.0, 0.0, 0.0, 0.0, 0.0, 0.0, 0.0, 0.0, 0.0, 0.0, 0.0, -0.0, 0.0, 0.0, 0.0, 0.0, 0.0, 0.0, 0.0, 0.0, 0.0, -0.0, 0.0, 0.0, 0.0, 0.0, -0.0, 1.0, -0.0, 0.0, 0.0, -0.0, 0.0, 0.0, 0.0, 0.0, 0.0]
x_i = [42, 80]
y = [0.653766, 0.218408, 0.116214, 0.0116118]
lambda = [0.481709, 0.0763899, 0.441902]
M_pos = Array{Int64,1}[[6, 45, 50], [33, 50, 77], [33, 45, 50, 77], [6, 33, 77]]
P_pos = Array{Int64,1}[[1, 19, 33, 50, 51], [5, 50, 68], [6, 10, 40, 77]]
M_set = Array{Int64,1}[[4], [6, 80], [1, 33, 50], [20, 33, 38, 80], [6, 33, 80], [6, 20, 80], [6, 50], [42, 80], [20, 33, 50, 80], [20, 23, 45], [45, 50, 79], [6, 20, 33, 45], [6, 45, 50], [33, 50, 77], [33, 45, 50, 77], [6, 33, 77], [23, 50], [20, 69, 79], [6, 20, 69], [42, 77], [20, 72], [20, 50, 77], [20, 42, 45], [1, 6, 20], [1, 20, 50]]
P_set = Array{Int64,1}[[6, 80], [1, 19, 33, 50, 51], [1, 20, 38, 42, 80], [5, 50, 68], [1, 23, 38, 42, 80, 84], [1, 10, 20, 38, 43, 45, 80], [1, 10, 20, 40, 43, 45], [6, 10, 40, 77], [1, 10, 23, 40, 43, 45, 84], [6, 18, 50, 72, 79, 81], [1, 20, 40, 42], [1, 23, 40, 42, 84], [5, 40, 42, 69, 84], [6, 40, 42, 79, 83, 84]]
Node count = 1.0
MIPGAP_root = 60.34130144402234
