dataSet = N30_d10_
Phase 8a
Started at = 20:29:40
ins = 57
theta = 0.03635399999999998
totalTime = 2894.0623099803925
t_RowGen = 2857.695312252
n_RowGen = 30
t_ColGen = 3.817102781
n_ColGen = 25
x = [0.0, 0.0, 0.0, 1.0, 0.0, -0.0, 0.0, 0.0, 0.0, 0.0, 0.0, -0.0, 0.0, -0.0, 0.0, 0.0, 0.0, 0.0, 0.0, -0.0, 0.0, 0.0, -0.0, -0.0, 0.0, 0.0, 0.0, -0.0, 0.0, 0.0, 1.0, 0.0, 0.0, 0.0, 0.0, -0.0, 0.0, 0.0, 0.0, 0.0, 0.0, 0.0, 0.0, 0.0, 0.0, 0.0, 0.0, 0.0, -0.0, 0.0, -0.0, -0.0, -0.0, 0.0, -0.0, -0.0, 0.0, 0.0, -0.0, -0.0, 0.0, -0.0, 0.0, 0.0, 0.0, 0.0, 0.0, 0.0, 0.0, -0.0, 0.0, 0.0, 0.0, 0.0, -0.0, 0.0, 0.0, 0.0, 0.0, -0.0, 0.0, -0.0, 0.0, 0.0, -0.0, 0.0, 0.0, 0.0, 0.0, -0.0, 0.0, -0.0, 0.0, -0.0, -0.0, 0.0, 0.0, 0.0, 0.0, 0.0, 0.0, 0.0, 0.0, 0.0, 0.0, -0.0, 0.0, 0.0, 0.0, 0.0]
x_i = [4, 31]
y = [0.528778, 0.471222]
lambda = [1.0]
M_pos = Array{Int64,1}[[5, 67], [5, 18, 29, 67]]
P_pos = Array{Int64,1}[[5, 67]]
M_set = Array{Int64,1}[[3], [5, 67], [4, 49, 67, 88], [4, 5, 67], [56, 67], [7, 67], [67, 71], [2, 4, 49, 67], [4, 56, 67], [4, 71], [4, 49, 67, 69], [4, 7, 49, 67], [4, 5, 49, 67, 88], [5, 18, 29, 67]]
P_set = Array{Int64,1}[[5, 67], [4, 49, 67, 69, 88], [4, 47, 67, 69, 71], [2, 31, 56, 67, 69, 71], [2, 7, 31, 57, 67, 69, 80], [2, 18, 29, 67]]
Node count = 1.0
MIPGAP_root = 15.965429257497366
