dataSet = N30_d10_
Phase 8a
Started at = 20:29:32
ins = 36
theta = 0.012213338366880879
totalTime = 874.4502210617065
t_RowGen = 838.027414211
n_RowGen = 29
t_ColGen = 3.772200345
n_ColGen = 22
x = [0.0, -0.0, 0.0, 0.0, -0.0, 0.0, 0.0, 0.0, -0.0, -0.0, -0.0, -0.0, -0.0, 0.0, 0.0, 0.0, -0.0, 0.0, 0.0, 0.0, -0.0, -0.0, 0.0, 0.0, -0.0, -0.0, 0.0, -0.0, 0.0, 0.0, 0.0, 1.0, -0.0, 0.0, 0.0, -0.0, -0.0, -0.0, -0.0, -0.0, 0.0, 0.0, -0.0, -0.0, -0.0, 0.0, 0.0, 0.0, -0.0, -0.0, -0.0, 0.0, 0.0, 0.0, -0.0, 0.0, 0.0, -0.0, -0.0, -0.0, 0.0, 0.0, 0.0, -0.0, 0.0, 0.0, -0.0, -0.0, 0.0, -0.0, 0.0, -0.0, -0.0, -0.0, 0.0, 0.0, 0.0, -0.0, 0.0, -0.0, 0.0, 0.0, -0.0, -0.0, 0.0, -0.0, -0.0, 0.0, -0.0, 0.0, -0.0]
x_i = [32]
y = [0.151054, 0.410219, 0.322976, 0.0663859, 0.0356159, 0.0137491]
lambda = [0.0304488, 0.0637768, 0.419257, 0.0280939, 0.173798, 0.284626]
M_pos = Array{Int64,1}[[1, 21, 55], [1, 2, 3], [1, 2, 11, 21, 64], [1, 24, 64], [2, 21, 55], [1, 11, 55]]
P_pos = Array{Int64,1}[[1, 15, 26, 35, 45, 48], [2, 18, 45, 56, 64, 75], [3, 21, 55], [2, 11, 17, 23, 45, 59], [6, 18, 45, 56, 64, 72, 75], [6, 17, 24, 26, 35, 45, 48, 59, 72]]
M_set = Array{Int64,1}[[2], [32], [1, 15], [1, 32], [1, 2, 64], [21, 55], [1, 21, 55], [2, 11, 55], [1, 2, 3], [1, 11, 23, 64], [1, 2, 11, 21, 64], [6, 24], [1, 24, 64], [1, 2, 11, 21, 24], [2, 21, 55], [1, 11, 55]]
P_set = Array{Int64,1}[[4, 32], [1, 15, 26, 35, 45, 48], [2, 18, 45, 56, 64, 75], [3, 21, 55], [2, 11, 17, 23, 45, 59], [6, 18, 45, 56, 64, 72, 75], [6, 11, 17, 23, 45, 59, 72], [6, 17, 24, 26, 35, 45, 48, 59, 72]]
Node count = 1.0
MIPGAP_root = 43.8474822161533
