dataSet = N40_d10_
Phase 8a
Started at = 17:20:39
ins = 194
theta = 0.07718555317667866
totalTime = 251.25154304504395
t_RowGen = 214.889487129
n_RowGen = 18
t_ColGen = 3.598282202
n_ColGen = 15
x = [0.0, 0.0, 1.0, 0.0, 0.0, 0.0, 0.0, 0.0, 0.0, 0.0, 0.0, 0.0, 0.0, 0.0, 0.0, 0.0, 0.0, 0.0, 0.0, 0.0, 0.0, 0.0, 0.0, 0.0, 0.0, 0.0, 0.0, 0.0, 0.0, 0.0, 0.0, -0.0, 0.0, 0.0, 0.0, 0.0, 0.0, 0.0, 0.0, 0.0, 0.0, 0.0, 0.0, 0.0, 0.0, 0.0, 0.0, 0.0, 0.0, 0.0, 0.0, 0.0, 0.0, -0.0, 0.0, 0.0, 0.0, 0.0, 0.0, 0.0, 0.0, 0.0, 0.0, 0.0, 0.0, 0.0, 0.0, 0.0, 0.0, 0.0, 0.0, 0.0, 0.0, 0.0, 0.0, 0.0, 0.0, 0.0, 0.0, 0.0, 0.0, 0.0, 0.0, 0.0, 0.0, 0.0, 0.0, 0.0, 0.0, 0.0, 0.0, 0.0, 0.0, 0.0, 0.0, 0.0, 0.0, 0.0, 0.0, 0.0, 0.0, 0.0, 0.0, 0.0, 0.0, 0.0, 0.0, 0.0, 0.0, 0.0, 0.0, 0.0, 0.0, 0.0, 0.0, 0.0, 0.0, 0.0, 0.0, 0.0, 0.0, 0.0, 0.0, 0.0, 0.0, 0.0, -0.0, 0.0, 0.0, 0.0, 0.0, 0.0, 0.0, 0.0, 0.0, 0.0, 0.0, 0.0, -0.0, 0.0, 0.0, 0.0, 0.0, 0.0, 0.0, 0.0, 0.0, 0.0]
x_i = [3]
y = [0.119712, 0.880288]
lambda = [0.312107, 0.687893]
M_pos = Array{Int64,1}[[2, 47], [47, 121, 142]]
P_pos = Array{Int64,1}[[2, 47, 121], [5, 89, 128, 142]]
M_set = Array{Int64,1}[[1], [2, 47], [3], [3, 47], [26, 47, 121], [5], [5, 47], [47, 121, 142]]
P_set = Array{Int64,1}[[3, 26, 71], [2, 47, 121], [5, 89, 128, 142], [2, 47, 57, 109, 117]]
Node count = 1.0
MIPGAP_root = 13.95130872379206
dataSet = N40_d10_
Phase 8a
Started at = 19:26:50
ins = 194
theta = 0.07718555317667866
totalTime = 251.0563199520111
t_RowGen = 214.785750786
n_RowGen = 18
t_ColGen = 3.640149525
n_ColGen = 15
x = [0.0, 0.0, 1.0, 0.0, 0.0, 0.0, 0.0, 0.0, 0.0, 0.0, 0.0, 0.0, 0.0, 0.0, 0.0, 0.0, 0.0, 0.0, 0.0, 0.0, 0.0, 0.0, 0.0, 0.0, 0.0, 0.0, 0.0, 0.0, 0.0, 0.0, 0.0, -0.0, 0.0, 0.0, 0.0, 0.0, 0.0, 0.0, 0.0, 0.0, 0.0, 0.0, 0.0, 0.0, 0.0, 0.0, 0.0, 0.0, 0.0, 0.0, 0.0, 0.0, 0.0, -0.0, 0.0, 0.0, 0.0, 0.0, 0.0, 0.0, 0.0, 0.0, 0.0, 0.0, 0.0, 0.0, 0.0, 0.0, 0.0, 0.0, 0.0, 0.0, 0.0, 0.0, 0.0, 0.0, 0.0, 0.0, 0.0, 0.0, 0.0, 0.0, 0.0, 0.0, 0.0, 0.0, 0.0, 0.0, 0.0, 0.0, 0.0, 0.0, 0.0, 0.0, 0.0, 0.0, 0.0, 0.0, 0.0, 0.0, 0.0, 0.0, 0.0, 0.0, 0.0, 0.0, 0.0, 0.0, 0.0, 0.0, 0.0, 0.0, 0.0, 0.0, 0.0, 0.0, 0.0, 0.0, 0.0, 0.0, 0.0, 0.0, 0.0, 0.0, 0.0, 0.0, -0.0, 0.0, 0.0, 0.0, 0.0, 0.0, 0.0, 0.0, 0.0, 0.0, 0.0, 0.0, -0.0, 0.0, 0.0, 0.0, 0.0, 0.0, 0.0, 0.0, 0.0, 0.0]
x_i = [3]
y = [0.119712, 0.880288]
lambda = [0.312107, 0.687893]
M_pos = Array{Int64,1}[[2, 47], [47, 121, 142]]
P_pos = Array{Int64,1}[[2, 47, 121], [5, 89, 128, 142]]
M_set = Array{Int64,1}[[1], [2, 47], [3], [3, 47], [26, 47, 121], [5], [5, 47], [47, 121, 142]]
P_set = Array{Int64,1}[[3, 26, 71], [2, 47, 121], [5, 89, 128, 142], [2, 47, 57, 109, 117]]
Node count = 1.0
MIPGAP_root = 13.95130872379206
