dataSet = N10_d20_
ins = 9
theta = 0.019791199680000014
totalTime = 24.78859782218933
t_RowGen = 0.9510971
n_RowGen = 7
t_ColGen = 2.1432135
n_ColGen = 7
x = [0.0, 1.0, 0.0, 0.0, 0.0, 0.0, 0.0, 0.0, 0.0, 0.0, 0.0, 0.0, 0.0, 0.0, 0.0, 0.0, 0.0, 0.0]
x_i = [2]
y = [1.0]
lambda = [1.0]
M_pos = Array{Int64,1}[[13]]
P_pos = Array{Int64,1}[[3, 11, 13, 18]]
M_set = Array{Int64,1}[[2], [13], [11, 18]]
P_set = Array{Int64,1}[[2, 11], [3, 11, 13, 18]]
Node count = 1.0
MIPGAP_root = 72.1512784641169
