dataSet = N20_d30_
ins = 8
theta = 0.24300094869897604
totalTime = 3369.115434885025
t_RowGen = 3351.0405711
n_RowGen = 8
t_ColGen = 1.6207696
n_ColGen = 8
x = [-0.0, 0.0, 0.0, 0.0, -0.0, 0.0, -0.0, 0.0, -0.0, -0.0, -0.0, -0.0, -0.0, 0.0, 0.0, 0.0, -0.0, 0.0, 0.0, 0.0, 0.0, -0.0, 0.0, -0.0, -0.0, -0.0, -0.0, 0.0, 0.0, 0.0, -0.0, -0.0, -0.0, -0.0, -0.0, -0.0, -0.0, 0.0, 0.0, 0.0, 0.0, 0.0, 0.0, 0.0, 0.0, -0.0, -0.0, -0.0, 0.0, 0.0, 0.0, 0.0, 0.0, -0.0, -0.0, 0.0, 0.0, -0.0, -0.0, 0.0, -0.0, -0.0, -0.0, 0.0, -0.0, -0.0, 0.0, 0.0, 0.0, -0.0, -0.0, 0.0, 1.0, -0.0, -0.0, 0.0, -0.0, 0.0, 0.0, 0.0, 0.0, 0.0, 0.0, -0.0, -0.0, 0.0, -0.0, -0.0, 0.0, 0.0, -0.0, 0.0, -0.0, 0.0, 0.0, -0.0, -0.0, 0.0, 0.0, -0.0, -0.0, 0.0, -0.0, 0.0, -0.0, -0.0, 0.0, 0.0, -0.0, -0.0, -0.0, 0.0, 0.0, 0.0]
x_i = [73]
y = [0.181192, 0.172277, 0.261526, 0.056606, 0.328399]
lambda = [0.353212, 0.0473686, 0.0399341, 0.0522088, 0.507276]
M_pos = Array{Int64,1}[[67], [79, 102], [71, 102], [69, 102], [4, 5, 102]]
P_pos = Array{Int64,1}[[5, 16, 102], [4, 67, 71], [5, 79, 104], [4, 41, 69], [3, 67]]
M_set = Array{Int64,1}[[1], [4, 73], [5, 102], [67], [79, 104], [79, 102], [71, 102], [4, 69], [69, 102], [4, 5, 102]]
P_set = Array{Int64,1}[[4, 73], [5, 16, 102], [4, 67, 71], [5, 79, 104], [4, 41, 69], [3, 67]]
Node count = 1.0
MIPGAP_root = 39.09705923006576
dataSet = N20_d30_
ins = 8
theta = 0.24300094869897604
totalTime = 1700.0366978645325
t_RowGen = 1682.3593373
n_RowGen = 8
t_ColGen = 1.5390106
n_ColGen = 8
x = [-0.0, 0.0, 0.0, 0.0, -0.0, 0.0, -0.0, 0.0, -0.0, -0.0, -0.0, -0.0, -0.0, 0.0, 0.0, 0.0, -0.0, 0.0, 0.0, 0.0, 0.0, -0.0, 0.0, -0.0, -0.0, -0.0, -0.0, 0.0, 0.0, 0.0, -0.0, -0.0, -0.0, -0.0, -0.0, -0.0, -0.0, 0.0, 0.0, 0.0, 0.0, 0.0, 0.0, 0.0, 0.0, -0.0, -0.0, -0.0, 0.0, 0.0, 0.0, 0.0, 0.0, -0.0, -0.0, 0.0, 0.0, -0.0, -0.0, 0.0, -0.0, -0.0, -0.0, 0.0, -0.0, -0.0, 0.0, 0.0, 0.0, -0.0, -0.0, 0.0, 1.0, -0.0, -0.0, 0.0, -0.0, 0.0, 0.0, 0.0, 0.0, 0.0, 0.0, -0.0, -0.0, 0.0, -0.0, -0.0, 0.0, 0.0, -0.0, 0.0, -0.0, 0.0, 0.0, -0.0, -0.0, 0.0, 0.0, -0.0, -0.0, 0.0, -0.0, 0.0, -0.0, -0.0, 0.0, 0.0, -0.0, -0.0, -0.0, 0.0, 0.0, 0.0]
x_i = [73]
y = [0.181192, 0.172277, 0.261526, 0.056606, 0.328399]
lambda = [0.353212, 0.0473686, 0.0399341, 0.0522088, 0.507276]
M_pos = Array{Int64,1}[[67], [79, 102], [71, 102], [69, 102], [4, 5, 102]]
P_pos = Array{Int64,1}[[5, 16, 102], [4, 67, 71], [5, 79, 104], [4, 41, 69], [3, 67]]
M_set = Array{Int64,1}[[1], [4, 73], [5, 102], [67], [79, 104], [79, 102], [71, 102], [4, 69], [69, 102], [4, 5, 102]]
P_set = Array{Int64,1}[[4, 73], [5, 16, 102], [4, 67, 71], [5, 79, 104], [4, 41, 69], [3, 67]]
Node count = 1.0
MIPGAP_root = 39.09705923006576
