dataSet = N20_d30_
ins = 10
theta = 0.14366527022583286
totalTime = 359.63169288635254
t_RowGen = 335.8191013
n_RowGen = 10
t_ColGen = 1.9752822
n_ColGen = 10
x = [1.0, 0.0, 0.0, -0.0, -0.0, 0.0, 0.0, 0.0, -0.0, 0.0, -0.0, 0.0, 0.0, -0.0, -0.0, -0.0, 0.0, 0.0, -0.0, -0.0, 0.0, -0.0, 0.0, 0.0, 0.0, 0.0, 0.0, 0.0, 0.0, 0.0, -0.0, 0.0, -0.0, 0.0, 0.0, -0.0, -0.0, 0.0, -0.0, -0.0, -0.0, -0.0, -0.0, -0.0, -0.0, -0.0, -0.0, -0.0, -0.0, 1.0, -0.0, 0.0, 0.0, 0.0, -0.0, 0.0, 0.0, -0.0, -0.0, -0.0, 0.0, -0.0, -0.0, -0.0, -0.0, 0.0, 0.0, -0.0, -0.0, -0.0, 0.0, 0.0, 0.0, 0.0, -0.0, -0.0, 0.0, -0.0, -0.0, -0.0, 0.0, 0.0, -0.0, 0.0, -0.0, 0.0, -0.0, -0.0, -0.0, -0.0, -0.0, 0.0, 0.0, 0.0, -0.0, 0.0, -0.0, 0.0, -0.0, 0.0, -0.0, -0.0, -0.0, -0.0, 0.0]
x_i = [1, 50]
y = [0.909865, 0.0901349]
lambda = [0.122347, 0.877653]
M_pos = Array{Int64,1}[[3, 10, 26, 27], [10, 27, 43]]
P_pos = Array{Int64,1}[[2, 26, 27], [3, 10, 43]]
M_set = Array{Int64,1}[[1], [3, 50], [3, 10], [2, 26, 27], [2, 3, 26, 27], [3, 26, 50], [3, 10, 26, 27], [10, 43], [10, 27, 43]]
P_set = Array{Int64,1}[[3, 50], [1, 10], [2, 26, 27], [3, 10, 43]]
Node count = 1.0
MIPGAP_root = 60.86396877649044
