dataSet = N20_d10_
ins = 5
theta = 9.801642119661194e-5
totalTime = 27.240365028381348
t_RowGen = 2.6870593
n_RowGen = 27
t_ColGen = 2.4842558
n_ColGen = 22
x = [-0.0, -0.0, 1.0, 0.0, -0.0, 0.0, -0.0, 0.0, -0.0, -0.0, 0.0, 1.0, 0.0, 0.0, -0.0, 0.0, 0.0, 0.0, 0.0, -0.0, 0.0, 0.0, -0.0, 0.0, 0.0, -0.0, -0.0, 0.0, -0.0, -0.0, -0.0, -0.0, -0.0, 0.0, -0.0, 0.0, -0.0, -0.0, 0.0, 0.0, 0.0, 0.0, -0.0, 0.0, -0.0, -0.0, 0.0, 1.0]
x_i = [3, 12, 48]
y = [0.402729, 0.597271]
lambda = [0.209133, 0.790867]
M_pos = Array{Int64,1}[[1, 23, 30], [1, 30, 44]]
P_pos = Array{Int64,1}[[1, 4, 5, 23, 30, 32, 44, 46], [1, 4, 8, 20, 30, 44, 45]]
M_set = Array{Int64,1}[[1], [1, 4], [48], [1, 48], [1, 14], [1, 13, 30], [1, 14, 30], [12, 21, 30], [12, 23, 30], [1, 21, 30], [1, 23, 30], [1, 12, 30, 32], [1, 30, 44]]
P_set = Array{Int64,1}[[2, 48], [1, 4, 48], [1, 3, 14], [1, 3, 13, 30, 44], [1, 4, 8, 12, 21, 30, 35, 44, 45], [1, 4, 5, 23, 30, 32, 44, 46], [1, 4, 8, 20, 30, 44, 45]]
Node count = 1.0
MIPGAP_root = 57.08560253491063
