dataSet = N20_d20_
ins = 9
theta = 0.04883354935995507
totalTime = 74.721107006073
t_RowGen = 50.3532003
n_RowGen = 23
t_ColGen = 2.1873513
n_ColGen = 22
x = [1.0, 1.0, -0.0, 0.0, -0.0, 0.0, 0.0, -0.0, 0.0, 0.0, -0.0, 0.0, 0.0, 0.0, -0.0, -0.0, 0.0, 0.0, 0.0, -0.0, 0.0, 0.0, -0.0, 0.0, 0.0, -0.0, -0.0, 0.0, -0.0, 0.0, 0.0, -0.0, 0.0, 1.0, 0.0, -0.0, -0.0, 0.0, 0.0, 0.0, -0.0, -0.0, -0.0, -0.0, 0.0, 0.0, -0.0, 0.0, -0.0, -0.0, 0.0, 0.0, 0.0, -0.0, 0.0, -0.0, 0.0, 0.0, -0.0, -0.0, -0.0, 0.0, -0.0, 0.0, 0.0, -0.0, -0.0]
x_i = [1, 2, 34]
y = [0.787747, 0.150259, 0.0619939]
lambda = [0.145451, 0.606247, 0.248302]
M_pos = Array{Int64,1}[[5], [14, 62], [3, 14]]
P_pos = Array{Int64,1}[[5], [4, 14, 50, 62], [3, 11, 31, 50]]
M_set = Array{Int64,1}[[1], [2, 34], [5], [3, 34], [11], [34, 50], [1, 34, 44], [14, 34, 44], [14, 62], [3, 14], [2, 14]]
P_set = Array{Int64,1}[[5], [2, 21, 34], [3, 34], [1, 11, 50], [1, 11, 34, 44], [4, 14, 34, 44, 62], [4, 14, 50, 62], [3, 11, 31, 50], [2, 14, 20, 50]]
Node count = 12.0
MIPGAP_root = 100.0
