dataSet = N30_d10_
ins = 6
theta = 0.0006173892545384141
totalTime = 29.277880907058716
t_RowGen = 11.9610858
n_RowGen = 14
t_ColGen = 1.5251775
n_ColGen = 12
x = [0.0, 1.0, 0.0, -0.0, 0.0, -0.0, -0.0, -0.0, 0.0, -0.0, 0.0, -0.0, -0.0, 0.0, -0.0, -0.0, -0.0, 0.0, -0.0, -0.0, 0.0, 0.0, -0.0, 0.0, 0.0, -0.0, -0.0, -0.0, 0.0, -0.0, 0.0, -0.0, -0.0, -0.0, 0.0, -0.0, -0.0, -0.0, 0.0, 0.0, 0.0, -0.0, -0.0, 0.0, 0.0, 0.0, -0.0, -0.0, 0.0, -0.0, 0.0, -0.0, -0.0, -0.0, -0.0, 0.0, 0.0, 0.0, 0.0, 0.0, 0.0, -0.0, 1.0, 0.0, -0.0, -0.0, -0.0, -0.0, 0.0, 0.0, 0.0, 0.0, -0.0, -0.0, 0.0, -0.0, -0.0, -0.0, 0.0, -0.0, 0.0, 0.0, 0.0]
x_i = [2, 63]
y = [0.965419, 0.0345814]
lambda = [0.28122, 0.71878]
M_pos = Array{Int64,1}[[52, 62], [52, 71, 78]]
P_pos = Array{Int64,1}[[1, 29, 36, 47, 52, 62], [1, 39, 62, 71, 78]]
M_set = Array{Int64,1}[[2], [11, 72, 78], [47], [63, 78], [1, 52], [11, 52, 63], [52, 63, 71], [52, 62], [52, 71, 78]]
P_set = Array{Int64,1}[[2], [1, 4, 11, 60, 63, 72, 78], [1, 47, 58, 63], [1, 29, 36, 47, 52, 62], [1, 59, 63, 71, 78], [1, 39, 62, 71, 78]]
Node count = 1.0
MIPGAP_root = 10.28287797894574
