dataSet = N30_d10_
ins = 3
theta = 0.050000000000000044
totalTime = 20.591963052749634
t_RowGen = 3.1036188
n_RowGen = 18
t_ColGen = 1.5886967
n_ColGen = 16
x = [-0.0, 1.0, 0.0, 0.0, -0.0, -0.0, 0.0, 0.0, 0.0, -0.0, 0.0, 0.0, 0.0, 0.0, 0.0, -0.0, 0.0, -0.0, 0.0, -0.0, 0.0, -0.0, 0.0, 0.0, -0.0, 0.0, 0.0, 0.0, -0.0, -0.0, 0.0, 0.0, 0.0, 0.0, -0.0, 0.0, -0.0, 0.0, 0.0, 0.0, -0.0, -0.0, 0.0, -0.0, 0.0, -0.0, -0.0, 0.0, -0.0, 0.0, 0.0, 0.0, 0.0, -0.0, 0.0, -0.0, -0.0, 0.0, -0.0, 0.0, 0.0, -0.0, 0.0, -0.0, 0.0, 0.0, 0.0, -0.0, -0.0, 0.0, 0.0, -0.0, -0.0, 0.0, 0.0, -0.0, -0.0, -0.0, 0.0, 0.0, -0.0, -0.0, 0.0, -0.0, -0.0, 0.0, 0.0, -0.0, -0.0, -0.0]
x_i = [2]
y = [0.231835, 0.768165]
lambda = [1.0]
M_pos = Array{Int64,1}[[4], [2, 3, 4, 82]]
P_pos = Array{Int64,1}[[4]]
M_set = Array{Int64,1}[[1], [4], [3, 46, 82], [2, 39], [2, 3, 4, 82], [2, 4, 46, 78], [2, 4, 6], [2, 4, 22], [2, 4, 6, 46], [2, 22, 82], [4, 22, 82], [2, 4, 6, 82], [2, 4, 22, 78], [2, 6, 22]]
P_set = Array{Int64,1}[[4], [3, 29, 46, 82], [2, 6, 29, 39, 76], [2, 29, 39, 46, 78], [2, 5, 20, 22, 29, 39, 51, 76], [2, 29, 38, 46]]
Node count = 0.0
MIPGAP_root = 100.0
