dataSet = N30_d10_
ins = 2
theta = 0.022072355999999998
totalTime = 18.34240198135376
t_RowGen = 1.0675775
n_RowGen = 7
t_ColGen = 1.5107463
n_ColGen = 7
x = [0.0, 1.0, -0.0, 0.0, -0.0, 0.0, 0.0, -0.0, 0.0, 0.0, 0.0, -0.0, 0.0, 0.0, -0.0, -0.0, 0.0, 0.0, 0.0, 0.0, -0.0, -0.0, -0.0, 0.0, 0.0, -0.0, -0.0, 0.0, -0.0, -0.0, -0.0, 0.0, 0.0, -0.0, -0.0, 0.0, -0.0, -0.0, 0.0, -0.0, -0.0, -0.0, -0.0, 0.0, 0.0, 0.0, -0.0, 0.0, -0.0, -0.0, 0.0, -0.0, 0.0, -0.0, -0.0, -0.0, 0.0, -0.0, -0.0, 0.0, 0.0, -0.0, -0.0, 0.0, 0.0, -0.0, 0.0, 0.0, 0.0, -0.0, -0.0, 0.0, 0.0, 0.0, 0.0, -0.0, 0.0, 0.0, -0.0, 0.0, -0.0, 0.0, -0.0, -0.0, 0.0, 0.0, 0.0, -0.0, -0.0, 0.0, 0.0, -0.0, 0.0, -0.0, 0.0]
x_i = [2]
y = [1.0]
lambda = [1.0]
M_pos = Array{Int64,1}[[1, 14, 82]]
P_pos = Array{Int64,1}[[1, 14, 80, 82]]
M_set = Array{Int64,1}[[2], [1, 14, 82]]
P_set = Array{Int64,1}[[2], [1, 14, 80, 82]]
Node count = 0.0
MIPGAP_root = 100.0
