dataSet = N30_d10_
Started at = 12:55:27
ins = 16
theta = 0.0011165226040800004
totalTime = 3033.144371986389
t_RowGen = 2992.750045346
n_RowGen = 34
t_ColGen = 3.835335226
n_ColGen = 26
x = [0.0, 1.0, 1.0, -0.0, 0.0, -0.0, 0.0, 0.0, 0.0, 0.0, -0.0, 0.0, 0.0, -0.0, -0.0, 0.0, -0.0, 0.0, 0.0, 0.0, -0.0, -0.0, 0.0, 0.0, 0.0, 0.0, -0.0, -0.0, -0.0, -0.0, 0.0, 0.0, -0.0, 0.0, 0.0, -0.0, -0.0, -0.0, 1.0, 0.0, -0.0, -0.0, 0.0, -0.0, -0.0, 0.0, 0.0, 0.0, 0.0, 0.0, -0.0, -0.0, -0.0, 0.0, -0.0, 0.0, -0.0, -0.0, 0.0, 0.0, 0.0, 0.0, -0.0, -0.0, 0.0, 0.0, 0.0, 0.0, 0.0, -0.0, 0.0, 0.0, -0.0, 0.0, 0.0, -0.0, 0.0, -0.0, -0.0, -0.0, -0.0, 0.0, 0.0, 0.0, 0.0, 0.0, 0.0, 0.0, -0.0, 0.0, 0.0, 0.0, -0.0, 0.0, -0.0, 0.0, -0.0, 0.0]
x_i = [2, 3, 39]
y = [1.0]
lambda = [1.0]
M_pos = Array{Int64,1}[[7, 69]]
P_pos = Array{Int64,1}[[1, 7, 49, 69, 75]]
M_set = Array{Int64,1}[[2], [52, 56], [39, 69], [9, 69], [5, 34, 69], [5, 12, 52, 69], [34, 56], [3, 13, 37], [3, 39], [3, 37, 69], [7, 69], [3, 7], [34, 51], [5, 6, 12, 34], [34, 41], [5, 34, 41], [5, 10, 34, 60], [9, 34], [13, 69, 75], [7, 13, 37]]
P_set = Array{Int64,1}[[2, 9, 36, 69], [2, 12, 16, 29, 39, 52, 56, 69], [2, 5, 12, 34, 51], [2, 10, 43, 69, 75], [3, 29, 39, 56, 69], [3, 13, 36, 37, 69], [1, 7, 49, 69, 75], [2, 5, 8, 34], [2, 6, 12, 23, 34, 51, 81], [2, 10, 23, 34, 41], [2, 12, 16, 21, 30, 34, 39, 52, 56, 60, 64, 74]]
Node count = 1.0
MIPGAP_root = 81.26004252843609
