dataSet = N30_d10_
Phase 8a
Started at = 20:43:23
ins = 43
theta = 0.13005127516773476
totalTime = 60.91157603263855
t_RowGen = 20.890268681
n_RowGen = 10
t_ColGen = 3.459957629
n_ColGen = 10
x = [-0.0, 0.0, 0.0, 0.0, 0.0, 0.0, 0.0, 0.0, 0.0, 0.0, 0.0, -0.0, 0.0, 0.0, 0.0, 0.0, 0.0, 0.0, 0.0, 0.0, 0.0, 0.0, 0.0, 0.0, 0.0, 0.0, 0.0, 0.0, 0.0, 0.0, 0.0, 0.0, 0.0, -0.0, 0.0, -0.0, 0.0, 0.0, 0.0, -0.0, -0.0, 0.0, 0.0, 0.0, 0.0, 0.0, 0.0, 0.0, 0.0, -0.0, 0.0, -0.0, -0.0, 0.0, 0.0, 0.0, 0.0, 0.0, 0.0, 0.0, -0.0, 0.0, -0.0, 0.0, 0.0, 0.0, 0.0, 0.0, 0.0, 0.0, 0.0, 0.0, 0.0, -0.0, 0.0, -0.0, 0.0, 0.0, 1.0, -0.0, 0.0, 0.0, 0.0, -0.0, 0.0, 0.0, 0.0, 0.0]
x_i = [79]
y = [0.341948, 0.554592, 0.10346]
lambda = [0.424455, 0.533297, 0.0422486]
M_pos = Array{Int64,1}[[1, 4, 48, 79], [3, 4, 48], [1, 40, 48]]
P_pos = Array{Int64,1}[[3, 40], [4, 48, 77], [1, 25, 40]]
M_set = Array{Int64,1}[[1], [4, 48], [51, 79], [48, 51], [1, 25, 48, 79], [1, 4, 48, 79], [3, 40], [40, 48], [3, 4, 48], [1, 40, 48]]
P_set = Array{Int64,1}[[3, 40], [4, 48, 77], [6, 51, 77, 79], [1, 25, 40]]
Node count = 1.0
MIPGAP_root = 16.537245895672257
