dataSet = N30_d10_
Phase 8a
Started at = 20:26:51
ins = 31
theta = 0.07942368000000002
totalTime = 63.96461796760559
t_RowGen = 23.965434407
n_RowGen = 14
t_ColGen = 3.497042196
n_ColGen = 13
x = [-0.0, 0.0, 0.0, 0.0, 1.0, 0.0, 0.0, 0.0, 0.0, 0.0, 0.0, -0.0, -0.0, 1.0, -0.0, 0.0, -0.0, 0.0, -0.0, 0.0, 0.0, 0.0, 0.0, -0.0, 0.0, 0.0, -0.0, 0.0, 0.0, 0.0, -0.0, 0.0, -0.0, 0.0, 0.0, -0.0, -0.0, 0.0, 0.0, -0.0, 0.0, -0.0, -0.0, -0.0, 0.0, 0.0, 0.0, 0.0, 0.0, 0.0, 0.0, 0.0, 0.0, -0.0, 0.0, 0.0, 0.0, 0.0, 0.0, 0.0, 0.0, 0.0, 0.0, 0.0, -0.0, -0.0, 0.0, 0.0, 0.0, 0.0, -0.0, 0.0, 0.0, 0.0, -0.0, -0.0, -0.0, 0.0, 0.0, 0.0, 0.0, -0.0, 0.0, 0.0, 0.0, 0.0]
x_i = [5, 14]
y = [1.0]
lambda = [1.0]
M_pos = Array{Int64,1}[[3, 30]]
P_pos = Array{Int64,1}[[3, 30, 58]]
M_set = Array{Int64,1}[[1], [3, 30], [2], [14, 30], [3, 14, 60], [14, 30, 60], [5], [5, 30]]
P_set = Array{Int64,1}[[2, 14], [3, 30, 58], [3, 14, 38, 60], [5]]
Node count = 1.0
MIPGAP_root = 0.0
