dataSet = N30_d10_
Phase 8a
Started at = 22:02:33
ins = 72
theta = 0.01122300000000001
totalTime = 8515.952307224274
t_RowGen = 8475.653954975
n_RowGen = 37
t_ColGen = 4.050443015
n_ColGen = 26
x = [0.0, 1.0, -0.0, 0.0, 0.0, 0.0, 0.0, -0.0, 0.0, 0.0, -0.0, 0.0, -0.0, -0.0, -0.0, -0.0, 0.0, -0.0, -0.0, 0.0, 0.0, -0.0, -0.0, 0.0, 0.0, -0.0, -0.0, -0.0, 0.0, -0.0, -0.0, 0.0, 0.0, 0.0, 0.0, -0.0, 0.0, -0.0, 0.0, 0.0, 0.0, -0.0, 0.0, 0.0, -0.0, -0.0, 0.0, -0.0, -0.0, 0.0, -0.0, 1.0, 0.0, 0.0, -0.0, -0.0, -0.0, 0.0, 0.0, 0.0, 1.0, -0.0, -0.0, -0.0, 0.0, -0.0, -0.0, 1.0, -0.0, 0.0, -0.0, -0.0, -0.0, -0.0, 0.0, 0.0, -0.0, -0.0, 0.0, 0.0, -0.0, 0.0, 0.0, 0.0, -0.0, 0.0, -0.0, 0.0, 0.0, -0.0, -0.0, -0.0, -0.0, -0.0, 0.0, 0.0, 0.0, 0.0, 0.0, -0.0, -0.0, -0.0, -0.0, 0.0, -0.0, -0.0, 0.0, -0.0]
x_i = [2, 52, 61, 68]
y = [0.0264493, 0.70752, 0.1613, 0.10473]
lambda = [1.0]
M_pos = Array{Int64,1}[[1, 2, 18, 33], [1, 4, 33], [1, 33, 59, 87], [1, 4, 87]]
P_pos = Array{Int64,1}[[1, 17]]
M_set = Array{Int64,1}[[2], [72], [1], [17], [1, 2, 18, 33], [17, 33], [1, 79], [1, 18, 33, 79], [1, 87, 106], [1, 18, 98], [1, 18, 33, 87], [52, 79, 87], [1, 79, 87], [17, 79], [1, 33, 79, 87], [17, 87], [1, 52], [33, 52, 79], [1, 4, 33], [33, 52, 87], [1, 33, 59, 87], [1, 4, 87]]
P_set = Array{Int64,1}[[1, 17], [2, 6, 18, 33, 72], [3, 17, 52, 75], [3, 23, 52, 53, 68, 72, 79], [3, 23, 52, 72, 82, 87, 106], [2, 11, 18, 23, 53, 68, 72, 98], [3, 6, 33, 52, 59, 72, 78], [2, 17, 19, 63, 75], [5, 23, 53, 68, 72, 98], [4, 6, 33, 59, 61, 72], [4, 17, 63, 75], [4, 33, 65, 72, 99], [5, 23, 70, 72, 87, 98, 106], [5, 33, 66, 72, 98]]
Node count = 0.0
MIPGAP_root = 100.0
