dataSet = N30_d10_
Phase 8a
Started at = 19:19:34
ins = 9
theta = 0.019260567273015675
totalTime = 125.4569799900055
t_RowGen = 85.837426783
n_RowGen = 28
t_ColGen = 3.702153224
n_ColGen = 23
x = [0.0, 0.0, 0.0, -0.0, 0.0, -0.0, 0.0, 0.0, 0.0, 0.0, 0.0, 0.0, -0.0, 0.0, 0.0, -0.0, 0.0, 0.0, 0.0, 0.0, 0.0, 0.0, 0.0, 0.0, 0.0, 0.0, -0.0, 0.0, 0.0, 0.0, 0.0, -0.0, 0.0, 0.0, 0.0, 0.0, 0.0, -0.0, 0.0, 0.0, 0.0, 0.0, 0.0, 0.0, 0.0, 0.0, 0.0, 0.0, 0.0, 0.0, 0.0, 0.0, 0.0, 1.0, 0.0, 0.0, 0.0, 0.0, 0.0, 0.0, -0.0, 0.0, 0.0, 0.0, 0.0, 0.0, 0.0, 0.0, 0.0, 0.0, 0.0, -0.0, 0.0, 0.0, 0.0, 0.0, 0.0, 0.0, -0.0, 0.0]
x_i = [54]
y = [0.50355, 0.466774, 0.0296752]
lambda = [0.404711, 0.202558, 0.392731]
M_pos = Array{Int64,1}[[2, 20, 40], [20, 38, 67], [2, 38]]
P_pos = Array{Int64,1}[[2, 20, 74], [1, 9, 20, 51, 67, 74], [3, 27, 37, 38, 74]]
M_set = Array{Int64,1}[[3], [59], [2, 20], [7, 20, 40], [2, 20, 40], [20, 30, 40], [40, 54], [2, 30], [20, 51, 67], [20, 30, 67], [2, 13, 20], [20, 38, 67], [2, 38], [40, 59]]
P_set = Array{Int64,1}[[2, 20, 74], [1, 7, 31, 49, 54, 59], [3, 40, 54], [1, 7, 31, 40, 54, 57], [1, 7, 11, 30, 31, 54, 56], [1, 9, 20, 51, 67, 74], [1, 7, 11, 13, 23, 31, 48, 54, 59], [3, 27, 37, 38, 74]]
Node count = 1.0
MIPGAP_root = 58.81868764379846
