dataSet = N30_d10_
Phase 8a
Started at = 20:24:56
ins = 30
theta = 0.0005597274318054914
totalTime = 83.88236713409424
t_RowGen = 43.775163367
n_RowGen = 25
t_ColGen = 3.65208111
n_ColGen = 20
x = [1.0, 0.0, 0.0, 0.0, 0.0, 0.0, 0.0, 0.0, 0.0, 0.0, 0.0, 0.0, 0.0, 0.0, 0.0, 0.0, 0.0, 0.0, 0.0, 0.0, 0.0, 0.0, 0.0, 0.0, 0.0, 0.0, 0.0, 0.0, 0.0, 1.0, 0.0, 0.0, 0.0, 0.0, 0.0, 0.0, 0.0, 0.0, 0.0, 0.0, 0.0, 0.0, 0.0, 0.0, 0.0, 0.0, 0.0, 0.0, 0.0, 0.0, 0.0, 0.0, 0.0, 0.0, 0.0, 0.0, 0.0, 0.0, 0.0, 0.0, 0.0, 0.0, 0.0, 0.0, 0.0, 0.0, 0.0, 0.0, 0.0, 0.0, 0.0, 0.0, 0.0, 0.0, 0.0, 0.0, 0.0, 0.0, 0.0, 0.0, 0.0, 0.0, 0.0, 0.0, 0.0, 0.0, 0.0, 0.0]
x_i = [1, 30]
y = [0.0393311, 0.43231, 0.359155, 0.169204]
lambda = [0.0721106, 0.0625113, 0.857496, 0.00788247]
M_pos = Array{Int64,1}[[2, 51], [2, 22, 49, 61, 82, 88], [2, 37, 49, 61, 82, 88], [2, 22, 37, 88]]
P_pos = Array{Int64,1}[[2, 6, 22, 49], [2, 29, 37, 50, 74, 77, 88], [2, 51, 56, 81, 88], [2, 6, 22, 29, 50, 74, 76]]
M_set = Array{Int64,1}[[1], [2, 30, 74], [1, 2, 37, 88], [2, 37, 74], [1, 2, 30, 74], [2, 22, 49], [1, 2, 22, 37, 49], [1, 2, 37, 49, 88], [2, 61, 82], [2, 22, 49, 61, 82], [2, 37, 61, 77], [2, 22, 37, 49, 61, 82], [2, 51], [2, 22, 49, 61, 82, 88], [2, 37, 49, 61, 82, 88], [2, 22, 37, 88]]
P_set = Array{Int64,1}[[2, 30, 50, 74], [1, 37, 88], [2, 6, 22, 49], [2, 6, 51, 61, 82], [2, 29, 37, 50, 74, 77, 88], [2, 51, 56, 81, 88], [2, 6, 22, 29, 50, 74, 76]]
Node count = 1.0
MIPGAP_root = 5.539095152312364
