dataSet = N30_d10_
Phase 8a
Started at = 22:20:57
ins = 77
theta = 0.002588921519729939
totalTime = 110.2899239063263
t_RowGen = 70.369570025
n_RowGen = 38
t_ColGen = 3.749583418
n_ColGen = 27
x = [0.0, 0.0, -0.0, 0.0, -0.0, 0.0, 0.0, 1.0, -0.0, 0.0, -0.0, 0.0, 0.0, -0.0, 0.0, -0.0, -0.0, -0.0, -0.0, -0.0, -0.0, -0.0, -0.0, 0.0, -0.0, -0.0, 0.0, -0.0, -0.0, -0.0, 1.0, -0.0, 0.0, 0.0, 0.0, 0.0, 0.0, 0.0, 1.0, -0.0, 0.0, 0.0, -0.0, 0.0, -0.0, -0.0, 0.0, 0.0, -0.0, -0.0, 0.0, 0.0, 0.0, 0.0, -0.0, 0.0, 0.0, -0.0, 0.0, -0.0, 1.0, -0.0, 0.0, -0.0, 0.0, 1.0, 0.0, 0.0, 0.0, 0.0, 0.0, 0.0, 0.0, -0.0, -0.0, 0.0, 0.0, 0.0, -0.0, 0.0, 0.0, 0.0, -0.0, 0.0, 0.0, -0.0, 0.0, 0.0, -0.0, -0.0, 0.0]
x_i = [8, 31, 39, 61, 66]
y = [0.340344, 0.659656]
lambda = [0.644489, 0.355511]
M_pos = Array{Int64,1}[[32, 82], [2, 58]]
P_pos = Array{Int64,1}[[2, 82, 91], [2, 33, 38, 41, 90]]
M_set = Array{Int64,1}[[1], [12], [66], [2], [1, 32], [82], [2, 32], [32, 82], [2, 58], [2, 5], [28, 67], [29, 67]]
P_set = Array{Int64,1}[[2, 12, 31, 90], [1, 25, 45, 54, 61, 66], [2, 25, 34, 45, 54, 61, 66, 90], [2, 29, 32, 54, 61, 90], [2, 82, 91], [2, 33, 39, 54, 90], [2, 6, 9, 25, 54, 61, 66, 88], [1, 5, 6, 8, 24, 25, 45, 58, 66, 83], [1, 25, 45, 62, 66, 78, 82], [1, 24, 25, 45, 63, 66, 83], [2, 5, 6, 8, 24, 83, 88], [2, 33, 38, 41, 90], [1, 12, 28, 31, 45, 67], [2, 12, 28, 31, 89], [1, 29, 45, 54, 61, 67], [2, 29, 54, 61, 89], [2, 25, 27, 32, 54, 61, 90], [2, 25, 27, 54, 61, 89]]
Node count = 1.0
MIPGAP_root = 40.526865594875034
