dataSet = N30_d10_
Phase 8a
Started at = 20:49:47
ins = 52
theta = 0.019741553927098244
totalTime = 4536.405413866043
t_RowGen = 4495.413437748
n_RowGen = 55
t_ColGen = 4.597945255
n_ColGen = 46
x = [0.0, 0.0, 0.0, 0.0, 0.0, 0.0, 0.0, 0.0, 0.0, -0.0, 0.0, 0.0, 0.0, 0.0, 0.0, 0.0, 0.0, 0.0, 0.0, 0.0, 0.0, 0.0, 0.0, 0.0, 0.0, 0.0, 0.0, 0.0, 0.0, 0.0, 0.0, 0.0, 0.0, 0.0, 0.0, 0.0, 0.0, 0.0, -0.0, 0.0, 0.0, 0.0, 0.0, 0.0, 0.0, 0.0, 0.0, 0.0, 0.0, 0.0, 0.0, -0.0, 0.0, -0.0, 0.0, 0.0, 0.0, 0.0, 0.0, 0.0, 0.0, 0.0, 0.0, 0.0, 1.0, 0.0, 0.0, 0.0, 0.0, 0.0, 0.0, 0.0, 0.0, 0.0, 0.0, 0.0, 0.0, 0.0, 0.0, -0.0, 0.0, 0.0, -0.0, 0.0, 0.0, 0.0, 0.0, 1.0, 0.0, 0.0, -0.0, 0.0, 0.0, 0.0, 0.0]
x_i = [65, 88]
y = [0.289317, 0.0586351, 0.652048]
lambda = [0.1962, 0.394406, 0.409394]
M_pos = Array{Int64,1}[[7, 55], [25, 37], [7, 25, 40, 42]]
P_pos = Array{Int64,1}[[1, 7, 40], [3, 15, 25, 55], [1, 7, 25, 37]]
M_set = Array{Int64,1}[[1], [47, 58, 88], [55], [47, 55], [2, 15, 29], [2, 29, 47], [2, 25, 47, 88], [15, 25, 47, 58], [25, 58, 88], [29, 47, 58], [15, 47, 58, 88], [7, 25, 40], [7, 55], [15, 25, 29], [7, 40, 42, 88], [22, 25, 29], [29, 42, 47, 88], [7, 25, 29, 42], [7, 22, 25, 42, 88], [7, 25, 40, 47], [2, 7, 25, 88], [42, 55], [25, 29, 42, 47], [7, 25, 29, 47], [7, 29, 47, 88], [7, 40, 47, 88], [7, 22, 25, 47, 88], [22, 25, 40], [2, 7, 22, 25, 47], [25, 37], [2, 58, 88], [7, 42, 47, 58, 88], [2, 7, 42, 47, 58], [29, 40], [7, 25, 40, 42], [25, 28, 40, 47], [2, 7, 28, 40], [2, 7, 40, 47], [7, 25, 28, 40], [7, 25, 28, 29], [2, 7, 25, 28, 47], [25, 42, 47, 58]]
P_set = Array{Int64,1}[[1, 7, 40], [3, 47, 58, 88], [3, 15, 25, 55], [2, 29, 88], [3, 29, 56, 88], [3, 15, 22, 47, 55, 88], [3, 27, 42, 56, 88], [2, 27, 42, 88], [2, 12, 26, 80, 88], [3, 12, 14, 55, 80, 88], [1, 7, 25, 37], [2, 28, 47, 58, 88], [1, 7, 23, 37, 47, 58, 88], [1, 6, 28, 35, 47, 58, 65, 88]]
Node count = 1.0
MIPGAP_root = 54.40513766129536
