dataSet = N30_d10_
Phase 8a
Started at = 22:36:20
ins = 87
theta = 0.0004073105126983599
totalTime = 78.15454602241516
t_RowGen = 36.744219277
n_RowGen = 38
t_ColGen = 4.848131048
n_ColGen = 32
x = [0.0, 0.0, -0.0, 0.0, -0.0, 0.0, -0.0, -0.0, 0.0, 0.0, -0.0, -0.0, 0.0, 0.0, 0.0, -0.0, 0.0, 0.0, -0.0, -0.0, 0.0, 0.0, -0.0, -0.0, 0.0, 0.0, -0.0, -0.0, 0.0, -0.0, -0.0, -0.0, 0.0, 0.0, 0.0, 0.0, -0.0, 0.0, -0.0, -0.0, 0.0, 0.0, 0.0, 0.0, -0.0, 0.0, -0.0, -0.0, 1.0, -0.0, 0.0, 0.0, 0.0, 0.0, 0.0, 1.0, 0.0, -0.0, -0.0, 0.0, -0.0, -0.0, -0.0, 0.0, 0.0, -0.0, 0.0, 0.0, -0.0, -0.0, 0.0, -0.0, 0.0, -0.0, 0.0, -0.0, -0.0, 0.0]
x_i = [49, 56]
y = [0.0710614, 0.524173, 0.285696, 0.119069]
lambda = [0.0344308, 0.132268, 0.785994, 0.0473071]
M_pos = Array{Int64,1}[[1, 50, 65, 66], [1, 11, 50, 66], [1, 11, 46, 65, 66], [1, 11, 50, 65]]
P_pos = Array{Int64,1}[[1, 26, 36, 46, 65, 66], [1, 3, 41, 46, 50, 60, 65, 67], [1, 3, 5, 41, 46, 47, 60, 65, 67], [1, 11, 17, 26, 30, 33, 44, 51]]
M_set = Array{Int64,1}[[3], [1, 11, 26, 33], [1, 50], [1, 11, 33, 50], [1, 50, 65, 66], [1, 11, 50, 66], [1, 26, 50], [1, 26, 65, 66], [1, 11, 26, 66], [5, 47], [2, 11, 47], [2, 5, 11], [11, 26, 47, 50], [5, 11, 26, 50], [5, 11, 50, 65, 66], [11, 33, 47, 50, 66], [5, 11, 33, 50, 66], [5, 11, 26, 33, 66], [1, 46, 50, 65], [1, 11, 26, 65], [1, 11, 46, 65, 66], [1, 11, 50, 65]]
P_set = Array{Int64,1}[[1, 11, 26, 33, 43], [1, 11, 17, 26, 30, 33, 45, 51, 56], [1, 3, 41, 45, 50, 52, 56, 60], [1, 26, 36, 46, 65, 66], [1, 3, 26, 41, 45, 49, 52, 56], [1, 2, 11, 17, 26, 33, 41, 45, 52, 56], [1, 3, 5, 41, 45, 47, 52, 56, 60], [1, 4, 5, 41, 45, 52, 56, 60, 76], [1, 3, 41, 46, 50, 60, 65, 67], [1, 3, 26, 41, 46, 49, 65, 67], [1, 2, 11, 17, 26, 33, 41, 46, 65, 67], [1, 3, 5, 41, 46, 47, 60, 65, 67], [1, 11, 17, 26, 30, 33, 44, 51]]
Node count = 20.0
MIPGAP_root = 1.4835865481308217
