dataSet = N30_d10_
Phase 8a
Started at = 22:24:47
ins = 79
theta = 0.08245203238377374
totalTime = 71.66626214981079
t_RowGen = 31.86143996
n_RowGen = 22
t_ColGen = 3.577792905
n_ColGen = 20
x = [0.0, 0.0, 0.0, 0.0, 0.0, -0.0, 0.0, -0.0, 0.0, 0.0, 0.0, 0.0, 0.0, 0.0, 0.0, 0.0, 0.0, 0.0, 0.0, 0.0, 0.0, 0.0, -0.0, 0.0, 0.0, -0.0, 0.0, -0.0, 0.0, 0.0, 0.0, 0.0, 0.0, 0.0, 1.0, 0.0, 0.0, -0.0, 0.0, 0.0, -0.0, 0.0, 0.0, -0.0, 0.0, 0.0, 1.0, 0.0, 0.0, 0.0, 0.0, 0.0, 0.0, 0.0, 0.0, 0.0, -0.0, 0.0, 0.0, 0.0, 0.0, 0.0, 0.0, 0.0, 0.0, 0.0, 0.0, 0.0, 0.0, 0.0, 0.0, 0.0, 0.0, 0.0, 0.0, 0.0, 0.0, 0.0, 0.0, 0.0, 0.0, 0.0, 0.0, -0.0, 0.0, 0.0, 0.0, 0.0, -0.0, 0.0, 0.0, 0.0, 0.0]
x_i = [35, 47]
y = [0.00149936, 0.998501]
lambda = [0.301783, 0.698217]
M_pos = Array{Int64,1}[[1, 15, 16, 47, 50], [60]]
P_pos = Array{Int64,1}[[1, 15, 16, 60], [1, 18, 50, 60, 64]]
M_set = Array{Int64,1}[[2], [1, 47, 49], [1, 10, 35, 50], [10, 35, 47, 50], [1, 10, 15, 16, 47], [10, 16, 35, 47, 50], [1, 10, 35, 47], [1, 35, 47, 50], [15, 35, 47], [10, 16, 47, 49, 50], [18, 50], [18, 47], [1, 15, 16, 47, 50], [1, 10, 15, 16, 50], [1, 16, 35, 50], [60], [47, 49, 51], [1, 10, 15, 47, 50]]
P_set = Array{Int64,1}[[2, 47], [1, 18, 47, 49], [1, 10, 18, 35, 50, 61], [1, 15, 16, 60], [1, 18, 50, 60, 64], [1, 18, 35, 50, 59, 64], [1, 15, 18, 50, 51, 60, 63], [1, 15, 18, 35, 50, 51, 59, 63]]
Node count = 1.0
MIPGAP_root = 31.79223522688784
