dataSet = N30_d10_
Phase 8a
Started at = 22:40:34
ins = 91
theta = 0.03654469432675251
totalTime = 77.47276616096497
t_RowGen = 37.348822971
n_RowGen = 20
t_ColGen = 3.685114226
n_ColGen = 17
x = [1.0, 0.0, 0.0, 0.0, 0.0, -0.0, 0.0, 0.0, 0.0, -0.0, -0.0, 0.0, 0.0, -0.0, -0.0, 0.0, 0.0, 1.0, 0.0, -0.0, -0.0, -0.0, 0.0, 0.0, -0.0, 0.0, -0.0, 0.0, 0.0, 0.0, 0.0, 0.0, 0.0, -0.0, -0.0, -0.0, 0.0, 0.0, 0.0, 0.0, 0.0, -0.0, -0.0, -0.0, 0.0, 0.0, -0.0, 0.0, -0.0, 0.0, -0.0, 0.0, 0.0, -0.0, 0.0, 0.0, -0.0, 0.0, 0.0, 0.0, -0.0, 0.0, 0.0, 0.0, 0.0, 0.0, 0.0, 0.0, 0.0, -0.0, -0.0, 1.0, 0.0, 0.0, 0.0, -0.0, 0.0, 0.0, 0.0, 0.0, 0.0, -0.0, 0.0, 0.0, -0.0, -0.0, -0.0, 0.0, -0.0, -0.0, 0.0, 0.0, -0.0]
x_i = [1, 18, 72]
y = [0.0213696, 0.97863]
lambda = [0.25532, 0.74468]
M_pos = Array{Int64,1}[[2, 36, 59], [4, 37]]
P_pos = Array{Int64,1}[[4, 45, 59, 78], [2, 37, 45]]
M_set = Array{Int64,1}[[1], [36, 76], [4, 59], [2, 36, 59], [4, 36, 59], [11], [4, 8, 38], [4, 37], [8, 78], [8, 37, 38, 59]]
P_set = Array{Int64,1}[[2, 18, 36], [4, 18, 36, 76], [4, 45, 59, 78], [1, 11, 45, 54], [2, 8, 38, 53, 72], [4, 8, 38, 53, 72, 76], [2, 37, 45], [4, 37, 45, 76]]
Node count = 1.0
MIPGAP_root = 63.62785976154461
