dataSet = N30_d10_
Phase 8a
Started at = 19:17:33
ins = 5
theta = 0.041163714428579024
totalTime = 69.0100781917572
t_RowGen = 29.050882291
n_RowGen = 10
t_ColGen = 3.479949935
n_ColGen = 10
x = [0.0, -0.0, 0.0, 0.0, 0.0, 0.0, -0.0, -0.0, 0.0, 0.0, 0.0, -0.0, -0.0, 0.0, 0.0, -0.0, -0.0, -0.0, -0.0, 0.0, -0.0, -0.0, -0.0, 0.0, -0.0, -0.0, -0.0, 0.0, 0.0, 0.0, 0.0, 0.0, -0.0, 0.0, 0.0, -0.0, 0.0, -0.0, -0.0, -0.0, 0.0, -0.0, 0.0, 0.0, 0.0, -0.0, -0.0, 0.0, 0.0, -0.0, 0.0, 0.0, -0.0, 0.0, -0.0, -0.0, -0.0, -0.0, -0.0, 0.0, 0.0, 0.0, 0.0, -0.0, 0.0, 0.0, 0.0, 0.0, 0.0, 0.0, -0.0, -0.0, -0.0, 0.0, 0.0, 0.0, -0.0, -0.0, -0.0, -0.0, 0.0, -0.0, -0.0, 0.0, 0.0, 0.0, 0.0, 0.0, 0.0, 0.0, 0.0, -0.0, 0.0, 0.0, 1.0, -0.0, 0.0, 0.0, -0.0]
x_i = [95]
y = [0.181944, 0.42557, 0.392487]
lambda = [0.61385, 0.317804, 0.0683467]
M_pos = Array{Int64,1}[[84, 98], [83, 84, 97], [84, 97, 99]]
P_pos = Array{Int64,1}[[3, 84, 97], [3, 44, 51, 72, 87, 98, 99], [3, 44, 51, 73, 83, 97]]
M_set = Array{Int64,1}[[2], [84, 97], [95], [98, 99], [44, 83], [84, 98], [44, 84], [83, 84, 97], [84, 97, 99]]
P_set = Array{Int64,1}[[3, 84, 97], [3, 60, 95], [3, 44, 51, 72, 87, 98, 99], [3, 44, 51, 73, 83, 97]]
Node count = 1.0
MIPGAP_root = 74.07251409434107
