dataSet = N30_d10_
Phase 8a
Started at = 20:29:38
ins = 34
theta = 0.02367592186446917
totalTime = 61.62806487083435
t_RowGen = 21.64969905
n_RowGen = 25
t_ColGen = 3.65049472
n_ColGen = 20
x = [0.0, 0.0, 0.0, 0.0, 0.0, 0.0, 0.0, 0.0, 0.0, 0.0, 0.0, 1.0, 0.0, 0.0, 1.0, 0.0, 0.0, 0.0, 0.0, 0.0, 0.0, 0.0, 0.0, 0.0, 0.0, 0.0, 0.0, 0.0, 0.0, 0.0, 0.0, 0.0, 0.0, 0.0, 0.0, 0.0, 0.0, 0.0, 0.0, 0.0, 0.0, 0.0, 0.0, 0.0, 0.0, 0.0, 0.0, 0.0, 0.0, 0.0, 0.0, 0.0, 0.0, 0.0, 1.0, 0.0, 0.0, 0.0, 0.0, 0.0, 0.0, 0.0, 0.0, 0.0, 0.0, 0.0, 0.0, 0.0, 0.0, 0.0, 0.0, 0.0, 0.0, 0.0, 0.0, 0.0, 0.0, 0.0, 0.0, 0.0, 0.0, 0.0, 0.0, 0.0]
x_i = [12, 15, 55]
y = [0.0576734, 0.229754, 0.0585882, 0.0479076, 0.606077]
lambda = [0.0680567, 0.167086, 0.102914, 0.0473386, 0.614605]
M_pos = Array{Int64,1}[[3, 44], [3, 13], [4, 13, 16, 44], [4, 13, 17, 44, 76], [3, 4, 76]]
P_pos = Array{Int64,1}[[1, 4, 10, 16, 44], [3, 13, 17, 21, 42, 48], [1, 4, 17, 21, 42], [3, 24, 29, 42, 49, 76], [3, 10, 13, 16, 44, 48]]
M_set = Array{Int64,1}[[2], [3], [1, 4, 18], [3, 4], [3, 15], [4, 10, 44], [3, 44], [13, 17, 21], [4, 17, 21, 44], [3, 13], [4, 13, 17, 21], [4, 13, 16, 44], [4, 13, 17, 44], [4, 13, 17, 44, 76], [3, 4, 76]]
P_set = Array{Int64,1}[[3, 27, 49, 55], [1, 4, 18, 27, 49, 55], [3, 15, 34, 42, 48], [1, 4, 10, 16, 44], [3, 13, 17, 21, 42, 48], [3, 10, 12, 44, 48], [1, 4, 17, 21, 42], [3, 24, 29, 42, 49, 76], [3, 10, 13, 16, 44, 48], [3, 11, 12, 44, 48, 63]]
Node count = 1.0
MIPGAP_root = 63.45548583222577
