dataSet = N30_d10_
Phase 8a
Started at = 20:29:05
ins = 33
theta = 0.0008234730583200014
totalTime = 82.61224293708801
t_RowGen = 42.304952053
n_RowGen = 32
t_ColGen = 3.769617449
n_ColGen = 24
x = [1.0, 0.0, 1.0, 0.0, 0.0, -0.0, -0.0, 0.0, 0.0, 0.0, 0.0, 0.0, 0.0, 0.0, 0.0, 0.0, 0.0, 0.0, 0.0, 0.0, 0.0, 0.0, 0.0, 0.0, 0.0, 0.0, 0.0, 0.0, 0.0, 0.0, 0.0, 0.0, 0.0, 0.0, 0.0, 0.0, 0.0, 0.0, 0.0, 0.0, 0.0, 0.0, 0.0, 0.0, 0.0, 0.0, 0.0, 0.0, 0.0, 0.0, 0.0, 0.0, 0.0, 0.0, 0.0, 0.0, 0.0, 0.0, 0.0, 0.0, 0.0, 0.0, -0.0, 0.0, 0.0, 0.0, 0.0, 0.0, 0.0, -0.0, 0.0, 0.0, 0.0, 0.0, 0.0, 0.0, 0.0, 0.0, 0.0, 0.0, 0.0, 0.0, 0.0, 0.0, 0.0, 0.0, 0.0, 0.0, 0.0, 0.0, 0.0, 0.0]
x_i = [1, 3]
y = [1.0]
lambda = [1.0]
M_pos = Array{Int64,1}[[2]]
P_pos = Array{Int64,1}[[2, 60, 66, 70, 86]]
M_set = Array{Int64,1}[[1], [1, 7, 86], [3], [1, 3, 86], [1, 3, 84], [1, 3, 84, 86], [1, 7, 84], [7, 84, 86], [1, 6, 36, 63, 86], [7, 36, 84], [1, 6, 36, 43, 86], [1, 7, 36], [3, 6, 36], [43, 47, 86], [1, 9, 77, 87], [1, 33, 43, 77, 86], [1, 36, 43, 77, 84, 87], [1, 36, 43, 77, 84, 86], [2]]
P_set = Array{Int64,1}[[3], [1, 7, 40, 70, 86], [1, 7, 39, 64, 84], [1, 6, 36, 64, 84], [1, 6, 36, 63, 70, 86], [1, 8, 40, 43, 47, 70, 86], [1, 6, 33, 36, 64, 82], [1, 9, 33, 77, 80, 87, 89], [1, 8, 39, 43, 47, 64, 84], [2, 60, 66, 70, 86]]
Node count = 1.0
MIPGAP_root = 1.686633511991848
