dataSet = N30_d10_
Phase 8a
Started at = 20:44:10
ins = 44
theta = 0.01182626086480039
totalTime = 65.67256498336792
t_RowGen = 25.713025196
n_RowGen = 22
t_ColGen = 3.636817798
n_ColGen = 15
x = [0.0, 0.0, 0.0, 0.0, 0.0, 0.0, 0.0, 0.0, 0.0, 0.0, 0.0, 0.0, 0.0, 0.0, 0.0, -0.0, 0.0, 0.0, 0.0, 0.0, 0.0, 0.0, -0.0, 0.0, 0.0, 0.0, 0.0, 0.0, 0.0, 0.0, 0.0, 0.0, 0.0, 0.0, 0.0, -0.0, 0.0, 0.0, 0.0, 0.0, 0.0, 0.0, 0.0, 0.0, 0.0, 0.0, 0.0, 0.0, 0.0, 0.0, 0.0, 0.0, 0.0, 0.0, 0.0, 0.0, 0.0, 0.0, 0.0, 0.0, 0.0, 0.0, 0.0, 0.0, 0.0, 0.0, -0.0, 0.0, 0.0, 0.0, 0.0, 0.0, 0.0, 0.0, -0.0, 0.0, 0.0, -0.0, 0.0, -0.0, 0.0, 0.0, 1.0, 0.0, 0.0, 0.0, 0.0, 0.0, 0.0, 0.0]
x_i = [83]
y = [0.0553652, 0.451374, 0.469455, 0.023805]
lambda = [0.0335093, 0.245967, 0.718046, 0.00247773]
M_pos = Array{Int64,1}[[4, 22, 46], [2, 3, 4, 46], [3, 4, 66], [4, 45, 46]]
P_pos = Array{Int64,1}[[1, 3, 7, 14, 22, 48], [2, 17, 22, 28, 34, 46, 68, 84], [1, 4, 45, 66, 81], [1, 3, 14, 52]]
M_set = Array{Int64,1}[[10], [4, 83], [3, 22, 48], [3, 4, 48], [4, 22, 46], [2, 3, 4, 46], [3, 4, 17], [2, 3, 4, 48], [3, 4, 66], [4, 45, 46]]
P_set = Array{Int64,1}[[1, 4, 83], [1, 3, 7, 14, 22, 48], [2, 17, 22, 28, 34, 46, 68, 84], [1, 3, 13, 17, 22, 28, 34, 68, 84], [1, 3, 13, 35, 83], [2, 22, 28, 34, 46, 71, 84], [1, 3, 13, 22, 28, 34, 71, 84], [1, 3, 9, 14, 45, 48, 66], [1, 4, 45, 66, 81], [1, 3, 14, 52]]
Node count = 1.0
MIPGAP_root = 66.20193339962294
