dataSet = N30_d10_
Phase 8a
Started at = 20:37:22
ins = 40
theta = 0.04160072863784412
totalTime = 126.40749311447144
t_RowGen = 86.551986853
n_RowGen = 12
t_ColGen = 3.373514938
n_ColGen = 10
x = [0.0, -0.0, 0.0, 0.0, 1.0, 0.0, -0.0, -0.0, -0.0, -0.0, 0.0, 0.0, -0.0, -0.0, -0.0, 0.0, -0.0, 0.0, 0.0, -0.0, -0.0, -0.0, -0.0, -0.0, -0.0, -0.0, 0.0, -0.0, 0.0, -0.0, 0.0, -0.0, 0.0, -0.0, 0.0, 0.0, -0.0, 0.0, -0.0, -0.0, -0.0, -0.0, 0.0, 0.0, -0.0, -0.0, -0.0, -0.0, 0.0, 0.0, 0.0, -0.0, 1.0, 0.0, 0.0, 0.0, 0.0, -0.0, -0.0, -0.0, -0.0, 0.0, -0.0, -0.0, -0.0, -0.0, 0.0, 0.0, -0.0, 0.0, -0.0, -0.0, 0.0, 0.0, 0.0, -0.0, 0.0, -0.0, -0.0, -0.0, 0.0, 0.0, 0.0, -0.0, -0.0, -0.0, -0.0, -0.0, 0.0, 0.0, 0.0, 0.0, -0.0, 0.0, 0.0, 0.0, -0.0, -0.0, -0.0]
x_i = [5, 53]
y = [0.784414, 0.215586]
lambda = [0.257001, 0.742999]
M_pos = Array{Int64,1}[[66], [47, 98]]
P_pos = Array{Int64,1}[[3, 39, 66, 98], [3, 11, 39, 63, 98]]
M_set = Array{Int64,1}[[2], [5], [66], [53], [63], [47, 98]]
P_set = Array{Int64,1}[[5], [3, 39, 66, 98], [3, 19, 25, 33, 53, 64], [3, 11, 39, 63, 98], [3, 11, 26, 39, 41, 47, 64, 98]]
Node count = 1.0
MIPGAP_root = 32.30924034383511
