dataSet = N30_d10_
Phase 8a
Started at = 20:47:54
ins = 50
theta = 0.0023430330000000013
totalTime = 81.70599794387817
t_RowGen = 41.553741105
n_RowGen = 26
t_ColGen = 3.619770994
n_ColGen = 21
x = [0.0, -0.0, 0.0, -0.0, 0.0, 0.0, -0.0, 0.0, 0.0, 0.0, 1.0, -0.0, 0.0, 0.0, 0.0, -0.0, -0.0, 0.0, -0.0, 0.0, 0.0, 0.0, 0.0, 0.0, 0.0, -0.0, 0.0, 0.0, 0.0, -0.0, 0.0, -0.0, -0.0, 0.0, 0.0, -0.0, -0.0, -0.0, -0.0, 0.0, 0.0, 1.0, 0.0, 0.0, 0.0, -0.0, 0.0, 0.0, -0.0, -0.0, 0.0, 0.0, 0.0, 0.0, 0.0, 0.0, 0.0, 0.0, 0.0, 0.0, -0.0, -0.0, -0.0, 0.0, 0.0, -0.0, 0.0, 0.0, 0.0, 0.0, 0.0, -0.0, -0.0, 0.0, 0.0, -0.0, 0.0, 0.0, 0.0, 0.0, 0.0, 0.0, 0.0, -0.0, -0.0]
x_i = [11, 42]
y = [0.54325, 0.45675]
lambda = [1.0]
M_pos = Array{Int64,1}[[3, 67, 85], [3, 50]]
P_pos = Array{Int64,1}[[3, 35, 53]]
M_set = Array{Int64,1}[[2], [37, 42], [3], [13, 27], [3, 13], [77], [67, 82, 85], [3, 67, 85], [3, 13, 67], [50, 53], [3, 50], [13, 27, 67], [32, 42], [13, 42, 49]]
P_set = Array{Int64,1}[[3, 35, 53], [1, 35, 37, 42, 53], [1, 11, 13, 21, 27, 40, 72], [1, 5, 11, 22, 40, 49, 67, 77, 82, 85], [1, 5, 22, 35, 37, 40, 47, 53, 67, 82, 85], [2, 35, 37, 46, 47, 50, 53, 80], [1, 11, 32, 37, 42, 53], [1, 11, 39, 42, 49, 50, 77, 80], [1, 5, 11, 13, 27, 37, 42, 52, 70, 72]]
Node count = 1.0
MIPGAP_root = 72.70392600579288
