dataSet = N30_d10_
Phase 8a
Started at = 20:54:42
ins = 54
theta = 0.0036571130079433925
totalTime = 98.68648505210876
t_RowGen = 58.402234664
n_RowGen = 20
t_ColGen = 3.69271258
n_ColGen = 18
x = [1.0, 0.0, 0.0, 0.0, 0.0, 0.0, 0.0, 0.0, 0.0, 0.0, 0.0, 0.0, 0.0, 0.0, 0.0, 0.0, 0.0, -0.0, -0.0, -0.0, 0.0, 0.0, -0.0, 0.0, 0.0, 0.0, 0.0, 0.0, 0.0, 0.0, 0.0, 0.0, 0.0, 0.0, 0.0, 0.0, 0.0, 0.0, 0.0, 0.0, 0.0, 0.0, -0.0, 0.0, 0.0, 0.0, 0.0, 0.0, 0.0, -0.0, 0.0, 0.0, 0.0, 0.0, -0.0, 0.0, 0.0, 0.0, 0.0, 0.0, -0.0, 0.0, 0.0, 0.0, 0.0, 0.0, -0.0, -0.0, 0.0, 0.0, 0.0, 0.0, 0.0, 0.0, 0.0, 0.0, 0.0, 0.0, 0.0, 0.0, 0.0, 0.0, 0.0, -0.0, 0.0, 0.0, 0.0, 0.0]
x_i = [1]
y = [0.058649, 0.239699, 0.701652]
lambda = [0.0386436, 0.885958, 0.0753987]
M_pos = Array{Int64,1}[[2, 28, 67], [2, 9, 28, 87], [28, 37, 87]]
P_pos = Array{Int64,1}[[2, 37, 41, 44, 67], [2, 10, 28, 65, 87], [2, 9, 37, 44, 65, 77]]
M_set = Array{Int64,1}[[1], [9, 44], [28, 44], [1, 28, 87], [1, 9, 28, 87], [2, 28, 87], [2, 28, 67], [2, 9, 28, 87], [28, 37, 87], [28, 85, 87], [1, 28, 67], [9, 37]]
P_set = Array{Int64,1}[[1, 10, 28, 87], [1, 9, 37, 44, 77], [2, 37, 41, 44, 67], [2, 10, 28, 65, 87], [2, 9, 37, 44, 65, 77], [1, 10, 15, 37, 44, 85], [1, 10, 16, 37, 64, 82, 85]]
Node count = 1.0
MIPGAP_root = 68.64112738109876
