dataSet = N40_d10_
Phase 8a
Started at = 23:05:14
ins = 90
theta = 0.14700000000000002
totalTime = 20609.61271905899
t_RowGen = 20569.639988731
n_RowGen = 22
t_ColGen = 3.718439439
n_ColGen = 22
x = [0.0, -0.0, 1.0, -0.0, 0.0, 0.0, 0.0, 0.0, 0.0, -0.0, 0.0, 0.0, 0.0, 0.0, 0.0, 0.0, 0.0, -0.0, -0.0, 0.0, 0.0, -0.0, 0.0, -0.0, 0.0, -0.0, -0.0, -0.0, 0.0, 0.0, -0.0, -0.0, 0.0, 0.0, 0.0, -0.0, 0.0, 0.0, -0.0, -0.0, 0.0, -0.0, -0.0, -0.0, 0.0, -0.0, -0.0, -0.0, -0.0, 0.0, 0.0, -0.0, -0.0, 0.0, 0.0, 0.0, 0.0, 0.0, 0.0, 0.0, 0.0, 0.0, -0.0, 0.0, 0.0, -0.0, 0.0, 0.0, 0.0, -0.0, -0.0, -0.0, -0.0, 0.0, 0.0, 0.0, 0.0, -0.0, -0.0, 0.0, -0.0, 0.0, 0.0, 0.0, 0.0, -0.0, 0.0, 0.0, 0.0, -0.0, -0.0, 0.0, 0.0, -0.0, -0.0, -0.0, -0.0, 0.0, -0.0, -0.0, -0.0, 0.0, 0.0, -0.0, 0.0, 0.0, 0.0, 0.0, 0.0, -0.0, -0.0, 0.0, 0.0, -0.0, 0.0, 0.0, -0.0, -0.0, -0.0, -0.0, 0.0, 0.0, 0.0, -0.0, -0.0, -0.0, 0.0, -0.0, -0.0, -0.0, -0.0, -0.0, -0.0, -0.0, -0.0, -0.0]
x_i = [3]
y = [0.768694, 0.231306]
lambda = [1.0]
M_pos = Array{Int64,1}[[2, 6], [6, 45]]
P_pos = Array{Int64,1}[[6]]
M_set = Array{Int64,1}[[2], [12, 85], [6], [6, 11], [99], [2, 6], [6, 12], [2, 12], [6, 67], [12, 67], [11, 12], [6, 45], [2, 67]]
P_set = Array{Int64,1}[[6], [3, 12, 85], [2, 38, 74, 76, 107], [3, 11, 85, 107], [3, 67, 87, 99], [1, 45, 99]]
Node count = 1.0
MIPGAP_root = 0.0
