dataSet = N40_d10_
Phase 8a
Started at = 22:45:50
ins = 38
theta = 0.0020596400169754178
totalTime = 25427.219560861588
t_RowGen = 25387.525152748
n_RowGen = 11
t_ColGen = 3.356466999
n_ColGen = 10
x = [0.0, 0.0, -0.0, -0.0, -0.0, -0.0, -0.0, 0.0, -0.0, 0.0, 1.0, 0.0, -0.0, 0.0, 0.0, -0.0, 0.0, 0.0, -0.0, 0.0, -0.0, -0.0, -0.0, 0.0, 0.0, -0.0, 0.0, 0.0, -0.0, -0.0, 0.0, 0.0, 0.0, -0.0, 0.0, 0.0, 0.0, 0.0, 0.0, -0.0, 0.0, -0.0, 0.0, 0.0, -0.0, 0.0, 0.0, 0.0, -0.0, 0.0, 0.0, 0.0, 0.0, 0.0, -0.0, 0.0, 0.0, 0.0, -0.0, -0.0, 0.0, -0.0, 0.0, 0.0, -0.0, -0.0, 0.0, -0.0, -0.0, 0.0, 0.0, -0.0, 0.0, -0.0, -0.0, 0.0, -0.0, -0.0, -0.0, -0.0, -0.0, 0.0, -0.0, 0.0, -0.0, 0.0, 0.0, -0.0, 0.0, -0.0, 0.0, -0.0, -0.0, 0.0, 0.0, -0.0, -0.0, -0.0, -0.0, -0.0, -0.0, -0.0, -0.0, 0.0, -0.0, -0.0, 0.0, -0.0, -0.0, -0.0, -0.0, 0.0, -0.0, -0.0, 0.0, 0.0, -0.0, 0.0, 0.0, -0.0, -0.0, 0.0, -0.0, -0.0, -0.0, 0.0, -0.0, 0.0, 0.0, 0.0, -0.0, 0.0, 0.0, -0.0, -0.0, -0.0, -0.0, 0.0, -0.0, -0.0, -0.0, 0.0, -0.0, -0.0, -0.0, -0.0, -0.0, -0.0, 0.0, 0.0, 0.0]
x_i = [11]
y = [0.11641, 0.312751, 0.570839]
lambda = [0.799256, 0.200744]
M_pos = Array{Int64,1}[[2, 116], [2, 47], [2, 6, 47]]
P_pos = Array{Int64,1}[[2, 50, 116], [2, 47, 94]]
M_set = Array{Int64,1}[[3], [6, 11, 94], [2, 116], [2, 11, 94], [1, 11], [2, 11, 64], [2, 47], [2, 6, 24, 116], [2, 6, 47]]
P_set = Array{Int64,1}[[2, 50, 116], [1, 6, 11, 63, 94, 124, 142], [1, 11, 55, 64, 67, 116, 124, 142], [2, 47, 94], [2, 6, 24, 46, 94]]
Node count = 0.0
MIPGAP_root = 100.0
