dataSet = N40_d10_
Phase 8a
Started at = 22:48:44
ins = 60
theta = 0.008366424581848837
totalTime = 71622.71919488907
t_RowGen = 71581.65793699
n_RowGen = 33
t_ColGen = 4.429885405
n_ColGen = 28
x = [0.0, -0.0, 0.0, 0.0, 0.0, 0.0, 0.0, 0.0, 0.0, -0.0, 0.0, 0.0, 0.0, -0.0, 0.0, 0.0, 0.0, -0.0, 0.0, 0.0, 0.0, 0.0, 0.0, -0.0, 0.0, -0.0, 0.0, 0.0, 0.0, 0.0, 0.0, 0.0, 0.0, 0.0, 0.0, -0.0, 0.0, 0.0, 0.0, 0.0, 0.0, 0.0, 0.0, 0.0, 0.0, 0.0, 0.0, 0.0, 0.0, 0.0, 0.0, 0.0, 0.0, 0.0, 0.0, -0.0, 0.0, 0.0, 0.0, 0.0, 0.0, 0.0, 0.0, 0.0, 0.0, -0.0, 0.0, 0.0, 0.0, 0.0, 0.0, 0.0, 0.0, 0.0, 0.0, 0.0, 0.0, 0.0, 0.0, 0.0, -0.0, 0.0, 0.0, 0.0, 0.0, 0.0, 0.0, 0.0, 0.0, 0.0, 0.0, 0.0, 0.0, -0.0, 0.0, 0.0, 0.0, 0.0, 1.0, 0.0, -0.0, 0.0, 0.0, 0.0, 0.0, -0.0, 0.0, 0.0, 0.0, 0.0, 0.0, 0.0, 0.0, 0.0, 0.0, 0.0, 0.0, 0.0, 0.0, 0.0, 0.0, -0.0, 0.0, 0.0, 0.0, 0.0, 0.0, 0.0, 0.0, 0.0, 0.0, 0.0, 0.0, 0.0, 0.0, 0.0, 0.0, 0.0, 0.0, 0.0, 0.0, -0.0]
x_i = [99]
y = [0.309221, 0.392065, 0.298714]
lambda = [0.227433, 0.752452, 0.0201151]
M_pos = Array{Int64,1}[[2, 21, 28, 37, 82, 98, 134], [2, 21, 37, 82, 134, 142], [2, 13, 21, 37, 82, 98, 134]]
P_pos = Array{Int64,1}[[2, 13, 28, 37, 72, 95, 134], [2, 21, 39, 51, 134, 142], [2, 4, 28, 54, 76, 86, 104, 137, 140]]
M_set = Array{Int64,1}[[1], [2, 15, 112], [2, 28, 82, 96], [2, 28, 82, 112], [1, 2], [2, 99, 112, 134], [2, 82, 99, 112], [2, 21, 37, 65, 82, 134], [2, 13, 95, 134], [2, 13, 21, 112], [65, 82, 112], [2, 21, 37, 82, 112, 134], [2, 13, 20, 134], [2, 28, 112, 134], [2, 21, 37, 86, 134], [2, 13, 112, 134], [2, 15, 21, 37, 82, 134], [2, 13, 28, 37], [2, 13, 28, 82], [2, 21, 28, 37, 82, 98, 134], [2, 21, 134, 142], [2, 21, 82, 98, 134, 142], [2, 21, 37, 134, 142], [2, 21, 37, 82, 134, 142], [2, 13, 21, 37, 134], [2, 13, 21, 37, 82, 98, 134]]
P_set = Array{Int64,1}[[1, 99], [2, 15, 33, 38, 99, 112, 134], [2, 28, 37, 72, 82, 96, 134], [2, 21, 33, 39, 43, 65, 99, 134, 142], [2, 13, 28, 37, 72, 95, 134], [2, 13, 26, 33, 37, 72, 95, 99, 100, 134], [2, 15, 20, 33, 39, 99, 134, 142], [2, 4, 33, 53, 86, 99, 137], [2, 21, 39, 51, 134, 142], [1, 28, 72, 82, 98, 108], [2, 4, 28, 54, 76, 86, 104, 137, 140]]
Node count = 1.0
MIPGAP_root = 43.52580351269886
