dataSet = N40_d10_
Phase 8a
Started at = 22:44:34
ins = 14
theta = 0.05105238299999999
totalTime = 8164.504012107849
t_RowGen = 8124.636753881
n_RowGen = 9
t_ColGen = 3.457214723
n_ColGen = 9
x = [0.0, 0.0, -0.0, 0.0, -0.0, 0.0, 0.0, 0.0, 0.0, -0.0, 0.0, 0.0, 0.0, 0.0, -0.0, 0.0, -0.0, 0.0, 0.0, 0.0, 0.0, 0.0, 0.0, 0.0, 0.0, -0.0, 0.0, -0.0, 0.0, 0.0, -0.0, 0.0, 0.0, 0.0, -0.0, -0.0, 0.0, 0.0, -0.0, 0.0, -0.0, 0.0, -0.0, 0.0, -0.0, 0.0, -0.0, 0.0, 0.0, -0.0, 0.0, 0.0, 0.0, -0.0, 0.0, -0.0, -0.0, -0.0, -0.0, 0.0, -0.0, 0.0, -0.0, 1.0, -0.0, 0.0, -0.0, 0.0, -0.0, 0.0, 0.0, -0.0, 0.0, -0.0, 0.0, -0.0, 0.0, 0.0, 0.0, -0.0, 0.0, -0.0, -0.0, -0.0, 0.0, 0.0, -0.0, -0.0, 0.0, 0.0, -0.0, -0.0, -0.0, -0.0, 0.0, -0.0, -0.0, 0.0, -0.0, 0.0, -0.0, -0.0, 0.0, 0.0, 0.0, -0.0, -0.0, -0.0, -0.0, 0.0, 0.0, -0.0, -0.0, -0.0, -0.0, 0.0, -0.0, 0.0, -0.0, 0.0, -0.0, 0.0, 0.0, 0.0, -0.0, 0.0, -0.0, 0.0, -0.0, -0.0, -0.0, -0.0, 0.0, -0.0, -0.0, 0.0, -0.0, -0.0, 0.0, -0.0, 0.0, -0.0, 0.0, 0.0, -0.0, 0.0]
x_i = [64]
y = [1.0]
lambda = [1.0]
M_pos = Array{Int64,1}[[9]]
P_pos = Array{Int64,1}[[1, 8, 9]]
M_set = Array{Int64,1}[[3], [9], [18, 110], [1, 135], [1, 64]]
P_set = Array{Int64,1}[[1, 8, 9], [3, 8, 18, 64, 110, 124, 135, 146], [1, 8, 12, 64]]
Node count = 0.0
MIPGAP_root = 100.0
