dataSet = N10_d40_
ins = 4
theta = 0.13602639589762655
totalTime = 2.2200000286102295
t_RowGen = 0.8673297
n_RowGen = 21
t_ColGen = 0.220878203
n_ColGen = 17
x = [-0.0, 1.0, 0.0, 0.0, -0.0, 0.0, 0.0, -0.0, -0.0, 1.0, 0.0, -0.0, 0.0, -0.0, 0.0, 0.0, -0.0, 0.0, 0.0, 0.0, 0.0, 0.0, 0.0, -0.0, -0.0, 1.0, 0.0, 0.0, 0.0]
x_i = [2, 10, 26]
y = Any[]
M_pos = Array{Int64,1}[]
M_set = Array{Int64,1}[[1], [3, 16], [13, 26], [1, 7, 16, 26], [4], [13, 16], [3, 7, 16], [3, 16, 26], [3, 7, 26], [7, 16, 19, 26], [3, 16, 18], [16, 29], [1, 3, 16]]
P_set = Array{Int64,1}[[5], [3, 16, 22], [1, 7, 8], [4, 13, 26], [4, 29], [3, 7, 21], [1, 10, 16, 19], [1, 10, 13, 18], [2, 16, 19], [2, 13, 18]]
Node count = 1.0
MIPGAP_root = 0
