dataSet = N10_d40_
ins = 5
theta = 0.01591702733537455
totalTime = 2.2809998989105225
t_RowGen = 0.906606698
n_RowGen = 23
t_ColGen = 0.210840199
n_ColGen = 18
x = [-0.0, 1.0, 1.0, 1.0, -0.0, 0.0, 0.0, 0.0, 0.0, 0.0, -0.0, 0.0, 0.0, 0.0, 0.0, 0.0, 0.0, -0.0, 0.0, 0.0, 0.0, 0.0, 0.0, -0.0, 0.0, 0.0, 0.0, 0.0, -0.0, 0.0, 0.0, 0.0]
x_i = [2, 3, 4]
y = Any[]
M_pos = Array{Int64,1}[]
M_set = Array{Int64,1}[[1], [2, 15], [3, 18], [1, 15, 16, 27], [1, 3, 18, 27], [4], [13, 15, 27], [1, 13, 18], [1, 13, 27], [13, 15, 18], [1, 7, 15, 18, 27], [1, 7, 15, 18, 22], [3, 15, 18, 27], [1, 3, 15, 27], [15, 20, 27]]
P_set = Array{Int64,1}[[3, 18], [2, 15, 27], [3, 15, 16, 27], [1, 7, 15, 16, 27], [4, 13, 19], [1, 7, 18], [4, 18, 20], [4, 15, 16, 20, 27], [4, 22], [1, 6, 13]]
Node count = 1.0
MIPGAP_root = 0
