dataSet = N20_d10_
ins = 3
theta = 0.6987690037360728
totalTime = 199.5420000553131
x = [-0.0, -0.0, -0.0, -0.0, 1.0, -0.0, -0.0, 1.0, -0.0, -0.0, -0.0, -0.0, -0.0, -0.0, -0.0, -0.0, -0.0, -0.0, 1.0, -0.0, -0.0, -0.0, -0.0, 1.0, -0.0, -0.0, -0.0, -0.0, -0.0, -0.0, -0.0, -0.0, -0.0, -0.0, -0.0, -0.0, -0.0, -0.0, -0.0, -0.0, -0.0, -0.0, 1.0, -0.0, -0.0, -0.0, -0.0]
x_i = [5, 8, 19, 24, 43]
y = [0.528386, 0.090543, 0.158095, 0.222976]
M_pos = Array{Int64,1}[[3], [6, 44], [7, 25, 43], [6, 7, 25, 32]]
M_set = Array{Int64,1}[[1], [3], [37], [16, 18], [6, 21, 29, 32, 39], [44], [8, 43], [27], [5, 25, 28], [4, 6, 22, 25], [25, 32, 39], [5, 18, 25, 43], [4, 8, 39], [6, 8, 32], [4, 18, 25, 32], [21, 25, 39], [5, 8, 18], [6, 27, 39], [4, 6, 18, 25, 39], [16, 32], [5, 18, 25, 32, 39], [18, 27], [7, 18, 25, 39], [6, 44], [6, 7, 18, 25], [4, 16], [5, 37], [18, 25, 39, 43], [18, 41], [6, 18, 25, 32, 39], [8, 18, 39], [5, 44], [5, 18, 22, 25], [4, 5, 18, 25, 39], [6, 13, 21, 43], [6, 13, 16], [6, 13, 22, 25], [8, 22], [6, 18, 22, 25], [13, 44], [13, 21, 25], [8, 13, 32], [13, 18, 22, 25], [8, 13, 18], [16, 39], [5, 33], [4, 5, 6, 33, 39], [5, 6, 16], [5, 16, 39], [7, 25, 32], [4, 6, 8], [6, 8, 39], [6, 16, 39], [37, 39], [4, 41], [4, 22, 25, 39], [23], [6, 22, 25, 39], [39, 44], [22, 25, 32, 39], [19], [25, 33, 39], [5, 6, 18, 25, 39], [4, 40], [5, 6, 40], [4, 25, 43], [5, 25, 32, 43], [7, 8], [4, 25, 39, 43], [7, 25, 43], [5, 6, 8, 39], [4, 5, 8], [8, 32, 39], [6, 25, 39, 43], [25, 32, 39, 43], [6, 7, 25, 39], [7, 25, 32, 39], [6, 7, 25, 32]]
P_set = Array{Int64,1}[[3], [2, 19, 22, 31, 37, 41, 45, 46], [2, 16, 18, 24, 44], [2, 6, 10, 11, 19, 21, 25, 26, 29, 32, 38, 39, 41, 43, 47], [1, 4, 8, 17, 26, 36], [2, 19, 25, 41, 44], [2, 8, 43], [1, 4, 7, 17, 19, 25, 26, 36, 41], [2, 4, 16, 18, 22, 31, 36, 45, 46], [2, 19, 20, 25, 27, 31, 41, 45], [2, 5, 19, 22, 25, 28, 31, 35, 36, 41, 45, 46], [2, 6, 9, 16, 23, 44], [2, 16, 22, 31, 39, 45, 47], [1, 19, 26, 37, 41], [1, 16, 26, 38, 39, 47], [2, 8, 17, 24, 32, 45], [2, 8, 20, 23, 27, 31, 45], [1, 5, 16, 26, 33, 36], [1, 12, 19, 25, 26, 38, 39, 41, 47], [1, 5, 12, 19, 25, 26, 33, 36, 41], [2, 16, 18, 21, 24, 28, 31, 45], [2, 19, 21, 25, 28, 31, 41, 45], [2, 19, 25, 32, 41, 45], [2, 7, 19, 25, 41, 43], [1, 8, 12, 23, 26, 38, 39, 47], [2, 6, 9, 16, 23, 32, 45], [2, 6, 9, 16, 20, 23, 27, 31, 45], [2, 16, 18, 24, 32, 45], [2, 16, 18, 20, 24, 27, 31, 45], [2, 8, 23, 44], [2, 4, 6, 9, 16, 17, 22, 31, 36, 45, 46], [2, 6, 10, 17, 19, 20, 24, 26, 27, 31, 37, 41, 45], [2, 13, 19, 21, 26, 30, 31, 37, 39, 41, 45], [2, 13, 18, 19, 24, 26, 32, 37, 41, 45], [2, 13, 18, 19, 21, 24, 26, 28, 31, 37, 41, 45], [2, 13, 18, 19, 20, 24, 26, 27, 31, 37, 41, 45], [2, 6, 10, 17, 19, 24, 26, 37, 41, 44], [2, 7, 13, 18, 19, 24, 26, 37, 41, 43], [2, 16, 21, 30, 31, 39, 45], [1, 4, 16, 18, 26, 36], [2, 6, 9, 16, 43], [1, 4, 16, 18, 26, 37, 40], [2, 8, 23, 32, 45], [1, 5, 16, 26, 33, 37, 40], [2, 5, 16, 25, 33, 40, 44], [2, 4, 16, 18, 25, 40, 44], [1, 4, 6, 9, 16, 17, 26, 36], [1, 5, 8, 17, 24, 26, 28, 35, 36], [1, 8, 17, 24, 26, 37, 42], [1, 4, 11, 18, 19, 20, 25, 26, 27, 36, 41]]
Node count = 122.0
MIPGAP_root = 0
